rh.aparc.area	4001	4002	4003	4004	4005	4006	4007	4008	4009	4010	4011	4012	4013	4014	4015	4016	4017	4018	4019	4020	4021	4022	4023	4024	4025	4026	4027	4028	4029	4030	4031	4032	4033	4034	4035	4036	4037	4038	4039	4040	4041	4042	4043	4044	4045	4046	4047	4048	4049	4050	4051	4052	4053	4054	4055	4056	4057	4058	4059	4060	4061	4062	4063	4064	4065	4066	4067	4068	4069	4070	4071	4072	4073	4074	4075	4076	4077	4078	4079	4080	4081	4082	4083	4084	4085	4086	4087	4088	4089	4090	4091	4092	4093	4094	4095	4096	4097	4098	4099	4100
rh_bankssts_area	825	1019	900	980	1078	989	693	876	922	857	993	772	1028	958	872	1117	813	1153	880	928	756	872	904	760	782	908	836	1039	853	799	789	953	609	901	811	1062	845	815	796	762	968	898	851	1470	1197	947	824	895	874	871	729	872	815	798	884	826	851	754	1120	858	881	879	1011	953	983	713	903	1089	793	844	840	785	796	833	865	895	823	1005	817	599	1019	743	893	791	1061	997	793	707	826	1085	929	861	985	916	899	759	946	778	843	593
rh_caudalanteriorcingulate_area	963	841	710	689	711	525	489	594	695	639	678	611	993	751	528	834	660	876	691	1094	906	672	749	843	581	693	889	827	652	540	838	794	525	765	661	889	562	592	637	665	574	733	667	761	956	729	610	1003	918	754	586	666	652	529	883	546	958	1060	855	578	610	719	695	881	799	752	690	968	642	773	707	550	731	1045	558	844	614	744	781	630	616	796	613	687	630	670	734	861	773	713	1027	850	648	624	712	685	822	592	682	539
rh_caudalmiddlefrontal_area	2400	2407	1772	1475	2969	1931	1558	1991	2486	2431	1766	1946	2595	2634	2047	2316	2148	2034	2030	2175	2092	2111	1784	2124	1668	1970	2528	2202	1940	1993	2345	2757	1627	1932	2175	2272	2009	1874	1784	1797	2071	1838	2189	2408	2978	1634	1896	2553	1877	2598	1611	2360	2291	2073	1791	1691	2342	2047	2565	1802	2552	2359	1861	2639	2290	1491	2167	1877	2043	1893	1942	2077	1384	2161	1901	1964	2121	2133	2074	1950	1898	1783	2305	1931	2198	2277	1923	1645	2330	2339	2746	2433	1795	2007	1976	2085	2719	1799	2693	1630
rh_cuneus_area	1614	1704	1706	1433	2105	1445	1548	1323	1702	1659	1663	1801	1955	1495	1851	1321	1884	1660	1706	1732	1608	1504	1454	1920	1365	1642	1497	1970	1667	1806	1668	1663	1540	1748	1872	1936	1699	1470	1060	1431	1519	1739	1881	1617	1896	1592	1900	2160	1438	1789	1272	1600	1841	1299	1580	1479	1596	1782	1836	1422	2014	1668	1815	1725	1539	1563	1593	1661	1454	1426	1585	1245	1072	2150	1345	1724	1542	1901	1327	1485	1293	1414	1727	1961	1516	1564	1272	1471	1712	2138	1839	1877	1286	1435	1568	1491	1710	1466	1449	1370
rh_entorhinal_area	392	471	346	318	330	356	327	399	463	301	333	309	432	302	412	328	396	432	312	445	410	346	338	391	310	454	347	407	311	411	489	445	422	305	529	405	372	325	335	291	399	345	493	415	489	256	470	350	330	360	408	293	395	325	342	426	441	471	447	513	584	394	385	325	427	416	322	518	350	316	362	394	395	493	431	384	359	331	304	374	555	234	401	380	329	393	433	321	380	563	260	344	242	301	343	346	361	330	481	453
rh_fusiform_area	2651	3980	2779	3020	3821	3061	2458	2344	3009	3466	2693	2987	3744	3189	2815	2923	3311	3800	2681	3350	2870	3276	2140	2911	2968	3447	3064	3680	3049	2782	3263	3340	2937	2718	2958	2859	2809	2271	2743	2809	2883	2638	3176	3729	3674	2565	2620	3226	3151	3040	2601	2600	2975	3368	2839	3114	3043	3520	3388	3104	3887	2976	3174	3302	3097	2813	3056	3303	2260	2546	3541	2725	2973	3673	2818	3194	3127	3069	2431	2329	3502	2417	2630	2928	3074	3210	3307	2797	2929	3552	3706	2714	3298	2990	2790	2750	2767	2326	3175	2649
rh_inferiorparietal_area	5122	7287	4640	5188	6668	4264	4147	4860	6361	5158	6078	5734	6363	4929	6011	5688	4899	7062	4782	5763	4379	5425	4734	7126	4950	6536	5640	6272	5482	4492	5031	4527	4063	5237	4958	6036	4923	4946	4128	3882	5424	4712	5450	7107	7799	5638	4864	7655	4544	6016	5183	4750	5821	4373	4681	3936	4518	5784	5112	5192	6119	5248	5894	5735	5568	4801	4674	7358	4139	4393	4220	5138	3912	5107	5317	6013	4157	5658	4835	4253	5172	4408	5565	4844	4976	5550	5613	5253	4460	6531	6239	4996	5026	5921	4963	5415	5075	4811	5350	4110
rh_inferiortemporal_area	3226	3910	3118	3145	3987	2795	2752	2634	3620	3589	3547	2997	4298	3815	3218	2840	3656	3841	3375	3761	3046	3070	2654	3407	3335	3628	3207	4010	3464	2912	3225	3723	2809	2749	2850	2946	3871	2709	2388	3194	3438	2872	3562	3977	4153	2981	2709	2958	3209	3363	2509	3062	3564	3336	2801	3113	3192	3442	3613	3425	4090	3782	3411	3980	3429	3150	3050	4046	2499	3006	3505	3282	2710	3924	3838	3238	3083	3265	3023	3140	3226	2742	3646	3333	3170	3005	3381	3473	3032	4015	3490	3188	3294	3281	3297	3293	3004	2750	3363	2990
rh_isthmuscingulate_area	803	904	752	974	1318	873	669	628	827	715	832	844	1129	756	844	794	894	1031	834	923	721	714	876	994	900	920	844	995	1154	714	739	1069	628	933	1010	768	829	818	694	587	760	857	779	838	936	830	862	944	830	780	675	1074	1180	624	814	540	834	897	951	885	1049	1120	999	943	674	818	1089	970	712	818	546	936	783	1028	558	762	787	1205	744	781	616	785	850	899	837	763	774	748	923	1020	1123	854	554	613	1054	837	964	680	999	775
rh_lateraloccipital_area	4748	6647	5173	4885	6644	4881	4264	4086	6137	5067	4825	5739	5719	4746	4689	3960	5083	4978	4543	5841	4928	4830	4774	5676	5317	5635	5715	5955	6483	5183	4670	5744	5334	5229	3977	5640	5515	4826	3670	3956	4287	4997	5346	6767	6807	4591	4782	6211	4384	4968	4420	4582	4937	4090	4590	4467	4574	6589	5707	4407	6091	5398	4776	5530	4938	5079	5255	5568	4102	4607	4691	5159	3581	5857	3797	6316	4676	5235	4844	4522	4606	4809	3980	5067	3852	5404	5420	4325	5426	6047	5406	5539	4259	4793	5459	4972	5147	4199	5299	4304
rh_lateralorbitofrontal_area	2967	2854	2386	2393	3524	2896	2610	1834	3352	2479	2527	3338	2969	2293	2157	2503	3293	2898	2781	2604	2140	2257	2621	3103	2563	3482	2861	3221	3134	2761	2781	2646	2029	2782	2754	2095	2569	2630	2039	2324	3034	2185	2944	2338	3031	2680	2663	2477	2386	2971	2522	2996	3074	1815	2875	2041	2992	3174	3370	2210	3387	3500	2507	3144	2835	2758	2883	3072	2636	2260	2341	2203	2091	3190	1824	2478	2434	3029	2565	1896	2377	2913	2529	2875	3484	2416	2884	2722	2884	3024	3121	2694	2296	2037	2538	2579	3173	2399	2704	2616
rh_lingual_area	3524	3812	3648	2907	4331	2879	3056	2547	3625	2425	3323	3105	3639	3185	2689	2954	3521	2921	3156	3001	3581	3478	2940	3813	2876	3253	3581	3355	3553	3771	3467	3776	3179	2704	3290	3140	3191	3258	2647	2840	2430	3177	3652	3266	3338	2946	3465	4053	2599	2764	2887	2828	3884	2490	2843	2927	3034	4285	3695	2937	4073	2913	3321	2619	3140	2677	3295	3399	2719	2665	2852	3185	2044	4000	1354	3842	3063	4274	3210	3005	3036	2768	3026	3621	2807	2824	2501	2342	3090	3869	3287	3742	2805	2723	2800	2915	3604	2712	3017	3327
rh_medialorbitofrontal_area	2191	2048	1814	1704	2418	1819	1864	1543	2168	1669	2311	2253	2215	1711	2029	1776	2135	2409	1960	2106	1853	1978	1863	2206	1984	2362	2080	2369	2266	2007	2287	2104	1571	2071	2168	1865	2087	1738	1653	1583	1962	2107	2507	1973	2144	1936	1787	2054	1806	2288	1783	1982	2466	1564	2129	1660	2204	2170	2391	1877	2248	2175	2077	2378	2012	2103	1992	2275	1980	1944	1694	1594	1699	2419	1606	2010	1994	2211	2043	1654	1604	1956	2068	1955	2292	1931	2048	2162	2187	2252	2509	2045	1696	1569	2152	2172	2241	1733	1937	1693
rh_middletemporal_area	3419	3977	3679	3449	4117	3749	2911	3115	3797	3752	3796	3555	4412	4088	3626	3714	3773	3896	3258	3678	3708	3420	3834	3662	3388	4039	3525	4266	3720	3054	3110	3736	2785	3113	3249	3267	3851	3478	2857	3247	3457	3131	3592	4600	4910	3514	2966	4166	3537	3395	2825	3974	3611	3039	3377	3424	3208	3627	4251	3696	3670	4064	3826	4013	4182	2598	3051	4163	2839	3249	3686	3444	3118	3545	3921	3184	3080	3853	3193	3024	3842	2946	3946	3574	3771	3328	3635	3509	3206	3711	4257	3500	3762	3434	3698	3323	3485	2904	3655	2992
rh_parahippocampal_area	619	753	667	665	752	531	531	619	639	610	646	644	648	608	596	627	620	762	568	582	678	836	561	635	662	760	602	611	663	582	622	654	593	628	574	582	688	617	589	528	607	783	639	700	607	608	656	718	656	621	523	607	621	529	540	628	599	606	667	589	630	652	583	621	671	514	496	526	509	552	561	653	501	669	585	594	592	730	531	538	565	600	674	597	598	580	636	587	619	741	677	686	680	626	614	601	614	632	622	520
rh_paracentral_area	1830	1872	1495	1344	1779	1330	1137	1465	1508	1604	1424	1582	1442	1293	1365	1213	1323	1790	1848	1195	1323	1480	1419	1455	1391	1330	1360	1613	1161	1435	1637	1353	1130	1281	1653	1539	1321	1362	1185	1335	1253	1320	1520	1410	1584	1762	1477	1971	1491	1320	1652	1171	1552	1246	1325	1412	1584	1546	1936	1338	1977	1310	1631	1546	1694	1632	1237	1525	1350	1403	1409	1590	1313	1537	1568	1597	1612	1476	1492	1031	1206	1498	1593	1556	1850	1323	1362	1502	1351	1906	1661	1443	1158	1415	1281	1256	1267	1251	1435	997
rh_parsopercularis_area	1470	1602	1141	1180	1382	1154	1135	982	1322	1588	1278	1243	1552	1358	1238	1460	1165	1518	1101	1200	1552	1723	1251	1312	1133	1542	1271	1605	1385	1244	1579	1463	1139	1299	1267	1347	1485	1213	1068	1218	1380	1412	1254	1503	1834	1232	1128	1483	1112	1227	1168	1345	1427	1117	1324	940	1430	1621	1491	1389	1406	1835	1291	1349	2050	1595	1417	1291	1002	1312	1247	1545	1103	1722	1184	1090	1844	1284	1109	1224	1179	1065	1403	1143	1466	1180	1438	1112	1680	1165	1640	1639	1158	1022	1414	1267	1259	1105	1355	1062
rh_parsorbitalis_area	794	856	709	717	1001	745	907	608	935	842	870	873	864	903	634	802	812	985	893	911	893	890	852	1014	696	843	731	1123	891	800	862	754	683	756	861	867	708	801	636	690	891	872	942	848	902	844	715	987	837	759	793	866	901	514	672	640	771	967	1224	899	1074	895	744	973	949	808	825	1059	643	666	804	674	707	839	534	715	921	856	804	702	707	665	841	900	766	831	901	767	946	1039	870	907	850	642	931	842	865	760	933	808
rh_parstriangularis_area	1320	1490	1033	1261	1954	1246	1385	996	1410	1729	1753	1676	1730	1571	975	1555	1313	1450	1611	1380	1769	1709	1378	1682	1368	1480	1306	2203	1557	1201	1557	1603	1104	1279	1513	1469	1558	1552	1231	1430	1336	1662	1376	1681	1816	1324	1233	1970	1601	1599	1140	1624	1502	1243	1596	1063	1226	1368	1731	1613	1547	1643	1473	1955	1765	1709	1690	1290	1242	1584	1211	1481	1411	1785	1163	1473	1815	1518	1346	1449	1187	1220	1512	1373	1447	1315	1581	1207	1572	1330	1644	1772	1609	1200	1514	1593	1420	1496	1522	1273
rh_pericalcarine_area	1637	1580	2003	1468	2107	1195	1337	1412	1629	1240	1615	1578	1813	1344	1682	1191	1726	1508	1563	1579	1402	1494	1320	1829	1397	1376	1445	1467	1800	2127	2000	1871	1294	1334	1417	1828	1408	1443	1068	1423	1366	1291	2092	1596	1560	1501	1817	2138	1352	1616	1260	1405	1554	1316	1373	1378	1131	1638	1567	1363	1879	1716	1730	1391	1062	1386	1536	1654	1500	1145	1575	1294	997	1939	820	1709	1503	1935	1252	1367	1200	1115	1445	1925	1229	1475	1093	1109	1711	2077	1371	1800	1208	1482	1356	1438	1828	1287	1345	1402
rh_postcentral_area	4401	4620	3373	3878	4766	3808	3417	3955	4325	3737	3390	4403	4601	4096	3755	4351	3689	4588	4033	4127	3572	3518	3625	3731	3609	4030	3732	4537	3994	3552	4424	4482	3605	3334	4476	4540	4074	3414	3510	3310	3784	3937	3969	4193	4338	4161	3462	4502	3690	3980	3792	4247	4853	3300	3744	3699	3717	3736	5080	3923	4386	3812	4647	4086	4667	3357	4428	4271	3740	3383	3850	3493	3410	4166	3473	4286	4200	4030	3174	3186	3714	3560	3940	3755	4181	3759	3971	4139	3633	3963	4639	3516	3981	3913	3349	3592	3935	3064	4540	3283
rh_posteriorcingulate_area	1153	1099	985	1264	1406	1218	749	854	1164	1259	1310	1301	1312	1082	1020	1234	1010	1603	1213	1214	1111	988	1130	1416	1028	1176	1273	1564	1178	879	1092	1240	957	1125	1114	1029	977	998	1008	808	1023	988	1047	1239	1581	1139	1138	1609	1018	1184	1082	1304	1457	770	1255	1043	1277	1390	1628	1056	1074	1423	1296	1344	1231	1092	1164	1156	977	1129	906	920	1056	1188	941	914	1191	1078	1042	973	994	1195	1208	1220	1116	844	1203	1110	1214	1288	1450	1250	969	840	1122	1197	1241	862	1134	906
rh_precentral_area	5059	5718	4197	4214	5879	4859	4384	4721	5036	4901	4347	4991	5514	5139	4495	4891	4310	5492	4651	4495	5009	4346	4443	5105	4099	5349	4518	5042	4462	4157	5035	5181	4012	4180	5394	4377	4407	4289	4450	4099	4750	4395	4911	5301	5931	4633	4642	5873	4445	4871	3658	5060	5701	3908	4404	4384	4752	4656	5630	4576	5589	5245	5123	5515	4905	4149	4749	5790	4159	4241	4841	4781	4070	4684	4619	5132	4712	4404	4539	3913	4616	4791	4676	4429	5275	4297	4741	4409	4589	5289	5409	5031	4207	4918	4047	4051	5143	3862	5093	3674
rh_precuneus_area	3863	4312	3361	3714	4824	3654	2921	3822	3866	3603	3537	3728	4152	3755	3360	3628	4177	4745	3294	4674	3735	3217	3671	3819	3122	4366	3815	4750	3749	4127	3982	3690	3198	3448	5003	3666	4453	3249	3310	2774	3814	3773	3494	4210	4202	3980	3478	4150	3755	3445	3046	3600	4402	3827	4326	3450	3745	4338	3629	3727	4550	3399	3733	4228	4933	4202	3919	4668	3476	3434	4051	3857	2887	5415	5518	4285	3688	4384	3218	2947	3494	3262	3930	3451	4353	3223	3739	3887	3777	4303	4283	3965	3517	3043	3755	3510	2969	3237	4261	3272
rh_rostralanteriorcingulate_area	625	718	594	490	699	470	466	387	708	441	626	520	681	569	411	757	756	769	554	783	657	635	592	757	485	670	766	834	681	448	694	475	431	585	603	625	750	445	486	485	606	516	646	501	793	608	659	671	683	611	562	544	481	512	588	347	628	776	622	650	694	624	793	871	802	546	642	814	338	514	549	608	410	809	420	646	533	696	565	350	460	589	498	567	506	495	551	643	666	767	828	741	683	471	612	588	660	458	585	389
rh_rostralmiddlefrontal_area	5754	5563	5554	4876	7697	4878	4080	5335	5771	4629	6305	6053	6579	6208	4892	6550	6630	6480	6321	6118	5013	5453	5473	6435	4249	6034	5552	6261	5845	5651	5291	6065	3898	4949	5299	6243	5645	5340	4073	4577	5433	4512	6089	6317	6522	5249	5469	6261	4922	6055	4828	5709	5824	4134	4952	4157	5863	6269	6403	5125	7101	6308	6660	6700	7285	4960	5137	5393	5122	4196	4703	4077	4820	6286	3792	5030	5499	6286	5923	5039	4334	4662	6334	5597	6053	5675	5996	5604	5217	6942	6427	6416	5102	4047	5889	6107	5854	5580	6257	4816
rh_superiorfrontal_area	7200	7595	6162	6169	9703	6428	5502	5621	7066	6643	7525	6370	7852	6831	6207	7957	6891	8714	7040	6770	6048	6828	6388	6486	5999	6755	6543	7381	6373	6253	7378	8218	4619	6401	7010	6893	7666	5875	6342	5813	6585	6487	7692	7402	7811	6575	7109	8834	6156	6771	6417	7582	7486	5901	5438	5975	6716	6783	8003	7281	8495	7017	7749	7471	8711	5993	5915	7683	5591	6566	6857	6694	5632	7311	6109	6570	6937	7448	7114	6091	6079	6574	7367	6813	8153	7243	6553	6374	6060	8890	7793	8526	6996	6519	6986	7019	6946	5858	7179	5417
rh_superiorparietal_area	5275	6011	4459	4734	6722	4623	4996	5073	5736	5432	5091	5290	5388	5312	5371	4530	6524	6048	4797	5821	4395	5222	5135	5809	4907	6371	5767	6074	4719	6090	5427	4456	4581	4533	5317	5219	5249	4487	4623	4049	5035	5416	5216	6068	6770	5453	5606	6324	4902	5128	4817	4832	6250	5055	5738	4352	5692	6241	6283	5054	6584	4810	5269	6054	6017	5821	5503	5744	3822	4508	5197	5187	4052	6666	7357	5181	5961	5903	5346	4154	5230	4455	6187	5492	6186	5205	6309	5673	5232	6568	6353	3807	5291	5588	5078	4953	3828	5157	5044	4659
rh_superiortemporal_area	3269	3968	3125	3521	3978	3552	3236	3249	3587	3878	3661	3379	3995	3988	3142	4830	3820	3901	3325	3719	4197	3441	3576	3796	3165	3724	3387	4292	3378	3343	3815	3570	2773	3489	3806	3350	3833	3154	3443	3260	3375	3209	3415	4120	4620	3123	3526	4433	3911	3796	3028	3824	3754	3361	3414	3803	3530	3651	4521	3607	3927	3805	3681	4140	5057	3152	3896	4342	3296	3377	3588	3227	3349	4125	3440	3426	3890	3565	3208	2678	3966	3343	3629	3284	3810	3923	3778	3241	3439	3952	3877	3353	4041	3311	3597	3358	3624	3234	3810	3097
rh_supramarginal_area	3707	4166	3065	3693	4147	3614	3108	3385	3548	4190	3123	3237	4271	3894	3511	4827	3768	4712	3444	4028	3967	3581	3121	3101	3315	4013	3697	4750	3409	3176	3633	4197	3073	3704	4413	2999	3827	2935	3257	3038	3771	3638	3502	3810	3724	3604	3103	3552	3364	3650	3552	3482	4161	3266	3320	3178	3676	3718	4573	3962	4395	3687	3872	3778	4494	3623	3901	3265	2986	3180	3807	3777	3298	4124	2992	3672	3990	4040	3219	2716	3307	2772	3880	3643	4199	3485	4115	3400	3220	4247	4164	3265	4132	3434	3097	3368	3157	2658	3904	3106
rh_frontalpole_area	342	289	291	339	361	306	310	209	350	269	330	296	350	280	351	269	346	265	295	401	259	232	258	339	327	469	317	386	316	327	343	331	315	304	410	363	333	363	275	262	401	294	341	339	429	338	382	401	238	366	254	320	375	271	326	250	334	359	320	202	343	339	367	350	261	283	280	322	250	283	320	249	257	314	289	262	342	360	338	282	306	310	313	388	280	348	340	351	370	411	406	369	214	308	296	362	375	265	359	344
rh_temporalpole_area	528	391	428	406	540	456	418	419	483	438	380	416	533	459	428	460	523	605	484	611	466	509	407	542	562	554	424	640	569	428	477	459	428	480	470	540	549	492	415	436	486	400	505	487	517	383	394	567	407	466	435	440	463	367	475	384	507	523	487	469	617	474	580	542	455	563	504	487	387	364	304	478	384	540	484	469	474	515	445	465	432	411	476	469	538	424	425	440	484	740	418	475	364	455	488	439	447	442	515	532
rh_transversetemporal_area	349	358	268	340	418	305	340	348	306	375	303	304	352	319	244	408	337	367	295	346	450	276	354	282	259	304	302	380	302	271	402	389	294	315	355	263	315	299	321	318	300	290	304	362	362	276	288	412	352	340	315	325	340	295	263	283	311	321	403	333	468	339	346	353	438	301	374	330	249	279	346	264	308	388	310	310	367	339	328	264	360	274	317	268	345	403	302	260	257	316	341	302	367	373	276	288	315	285	352	268
rh_insula_area	2278	2425	1685	1999	2338	2309	2131	1845	2183	2157	2626	1829	2121	2300	2015	2349	1929	2635	1917	2148	2524	2506	2254	2529	2381	1968	2382	2671	2378	1990	2130	2312	1630	1969	2475	2321	2148	2308	1806	2003	1872	2130	2078	2185	2699	2027	1720	2740	2295	2269	2253	2228	2415	1828	1914	1861	1916	2495	2631	2507	2910	2205	2856	2597	2617	2036	2158	2553	1772	2023	1886	1849	1872	2334	2148	2305	2591	2134	1951	1941	1910	2101	2590	2246	2218	2357	2118	2041	2191	2676	2440	2405	2247	1891	2318	2084	2107	2100	2558	1833
rh_WhiteSurfArea_area	86317.5	97244.9	78018.2	78833.4	106473	79144.1	71839.7	74079.9	90735	83768.7	85503.7	85703.4	97244.8	86160.6	79480.4	86954.5	88136.7	97926.5	82235.4	89502.2	82017.1	82837.4	78875.6	91010.5	77141.4	92083.4	85806.8	98750.6	86536.6	81305.9	87082.1	90040	69815	78580.4	86691.5	85238.9	86525.3	76383.5	70528.5	71225	81273.3	79553.7	88125.1	95537.7	102908	81658.7	80417	100299	79067.1	86030.7	74584.4	84155.1	93025.6	72484.7	79413.5	73418.6	83192.2	92603.6	98133.2	82569.1	100900	88733.5	90177.5	94027.5	95977.8	79453.4	83790.9	94431.6	71577.1	74878.9	80521.9	79415.3	69124.5	96265.5	77879.4	86515.2	84521.6	90895.1	79133.6	70950.7	78608.3	75174.4	86992.4	83963.1	88564.3	82716.9	85872.1	80185.8	82387.2	99470.1	96627.8	87302.9	80721.3	78139.7	82268.4	81533.9	83872.1	73069.8	88450.7	71700.8
BrainSegVolNotVent	1.18E+06	1.38E+06	1.05E+06	1.10E+06	1.37E+06	1.01E+06	980953	1.07E+06	1.21E+06	1.14E+06	1.12E+06	1.11E+06	1.32E+06	1.32E+06	1.10E+06	1.21E+06	1.19E+06	1.29E+06	1.14E+06	1.15E+06	1.16E+06	1.21E+06	1.06E+06	1.19E+06	978409	1.20E+06	1.15E+06	1.38E+06	1.19E+06	1.06E+06	1.19E+06	1.25E+06	1.01E+06	1.04E+06	1.13E+06	1.19E+06	1.13E+06	1.08E+06	1.02E+06	997574	1.15E+06	1.03E+06	1.15E+06	1.31E+06	1.32E+06	1.12E+06	1.12E+06	1.32E+06	1.13E+06	1.13E+06	990163	1.12E+06	1.26E+06	1.07E+06	1.03E+06	1.09E+06	1.14E+06	1.18E+06	1.33E+06	1.21E+06	1.33E+06	1.14E+06	1.12E+06	1.29E+06	1.32E+06	1.08E+06	1.05E+06	1.28E+06	941842	1.07E+06	1.14E+06	1.09E+06	952029	1.34E+06	1.09E+06	1.22E+06	1.16E+06	1.23E+06	965649	930427	1.09E+06	1.01E+06	1.24E+06	1.05E+06	1.14E+06	1.11E+06	1.20E+06	1.04E+06	1.08E+06	1.42E+06	1.34E+06	1.17E+06	1.07E+06	1.09E+06	1.15E+06	1.06E+06	1.19E+06	968278	1.19E+06	923191
eTIV	1.53E+06	1.89E+06	1.36E+06	1.55E+06	1.71E+06	1.39E+06	1.20E+06	1.24E+06	1.42E+06	1.60E+06	1.42E+06	1.39E+06	1.66E+06	1.69E+06	1.37E+06	1.58E+06	1.54E+06	1.65E+06	1.40E+06	1.50E+06	1.30E+06	1.58E+06	1.42E+06	1.49E+06	1.42E+06	1.46E+06	1.47E+06	1.80E+06	1.53E+06	1.30E+06	1.54E+06	1.64E+06	1.49E+06	1.43E+06	1.56E+06	1.66E+06	1.42E+06	1.37E+06	1.40E+06	1.44E+06	1.41E+06	1.34E+06	1.40E+06	1.80E+06	1.55E+06	1.45E+06	1.47E+06	1.75E+06	1.52E+06	1.45E+06	1.30E+06	1.46E+06	1.66E+06	1.53E+06	1.34E+06	1.32E+06	1.46E+06	1.52E+06	1.82E+06	1.22E+06	1.72E+06	1.43E+06	1.48E+06	1.71E+06	1.82E+06	1.40E+06	1.30E+06	1.64E+06	1.18E+06	1.29E+06	1.53E+06	1.14E+06	1.26E+06	1.71E+06	1.54E+06	1.69E+06	1.40E+06	1.52E+06	1.30E+06	1.25E+06	1.53E+06	1.31E+06	1.58E+06	1.30E+06	1.43E+06	1.53E+06	1.50E+06	1.40E+06	1.47E+06	1.90E+06	1.66E+06	1.44E+06	1.05E+06	1.55E+06	1.47E+06	1.46E+06	1.44E+06	1.27E+06	1.51E+06	1.05E+06
lh.aparc.area	4001	4002	4003	4004	4005	4006	4007	4008	4009	4010	4011	4012	4013	4014	4015	4016	4017	4018	4019	4020	4021	4022	4023	4024	4025	4026	4027	4028	4029	4030	4031	4032	4033	4034	4035	4036	4037	4038	4039	4040	4041	4042	4043	4044	4045	4046	4047	4048	4049	4050	4051	4052	4053	4054	4055	4056	4057	4058	4059	4060	4061	4062	4063	4064	4065	4066	4067	4068	4069	4070	4071	4072	4073	4074	4075	4076	4077	4078	4079	4080	4081	4082	4083	4084	4085	4086	4087	4088	4089	4090	4091	4092	4093	4094	4095	4096	4097	4098	4099	4100
lh_bankssts_area	816	1152	1070	997	749	999	889	946	1125	1019	819	869	1308	914	1063	1240	1102	1349	918	1004	838	1023	824	1002	843	1173	879	1304	1159	821	795	1291	877	892	863	986	1052	798	975	954	860	984	947	1196	1368	1094	861	1429	964	974	840	881	1019	959	939	952	946	1005	1471	1174	1149	842	1073	1228	815	800	850	1826	731	737	887	778	837	972	975	859	830	876	1095	705	1020	820	1034	924	934	916	899	914	851	1013	1042	1391	979	666	832	959	983	723	988	746
lh_caudalanteriorcingulate_area	1030	416	461	691	655	711	482	624	621	754	804	706	668	653	701	651	965	1164	666	689	577	734	430	526	907	548	558	751	596	782	567	713	481	551	574	704	616	554	423	458	515	433	752	550	683	573	577	1121	599	446	457	589	663	568	657	570	615	581	819	548	908	884	533	606	660	593	568	589	530	493	618	731	508	570	618	567	749	632	975	516	592	599	900	528	585	759	631	624	486	871	798	613	731	601	762	566	625	496	477	414
lh_caudalmiddlefrontal_area	2312	2495	2022	2143	3057	2058	1443	2519	2271	2407	2075	2112	2601	2455	1666	2553	2640	1955	2698	2036	2286	1857	1772	2256	1957	2898	2342	2729	1950	1899	2662	2833	1565	2079	2440	1916	2183	2217	2091	1684	2009	2107	2580	2263	2680	1887	2372	2431	2286	2258	1891	2304	2483	2062	1963	1730	2526	2108	2701	2350	2485	2538	2483	2477	3035	1787	2166	2233	2035	2192	2536	1998	1454	2866	1780	2156	2342	2402	2301	2074	2200	1926	2179	2225	2493	2066	1983	1867	2326	2608	2585	2454	2126	2113	2173	2553	2531	1939	2292	1451
lh_cuneus_area	1695	1593	1625	1505	2000	1199	1383	1388	1510	1509	1533	1686	1762	1590	1708	1369	1660	1288	1380	1555	1411	1326	1497	1680	1417	1590	1753	1439	1706	1594	1447	1720	1318	1489	1681	1629	1663	1540	1132	1217	1357	1332	1778	1958	1786	1580	1602	2054	1338	1444	978	1688	1820	1353	1208	1295	1557	1890	1492	1304	1688	1768	1554	1424	1399	1498	1453	1493	1241	1193	1276	1183	1213	1921	1457	1744	1513	1583	1153	1223	1422	1434	1293	1966	1277	1686	1192	1370	1842	1882	1591	1774	1411	1354	1276	1387	1666	1258	1767	1394
lh_entorhinal_area	470	516	379	367	423	380	457	456	560	341	369	484	472	424	413	423	508	554	384	461	518	343	393	448	351	452	307	517	393	464	545	480	530	340	448	565	393	372	354	409	496	377	447	587	637	364	490	442	315	550	460	353	591	415	302	409	560	600	517	616	532	381	382	392	412	518	412	609	321	489	406	512	409	608	454	576	352	416	416	445	493	346	430	306	389	499	554	346	390	676	363	351	190	360	368	307	526	386	574	381
lh_fusiform_area	3074	4220	2949	3106	3769	3011	2783	3120	3127	3574	2542	2937	3539	3260	2945	3287	3361	3536	3030	3238	3111	3628	2724	3234	2732	2992	2947	3813	2868	2995	3282	3326	3497	2834	2777	3169	2892	2677	3084	2548	3181	3424	3569	3624	4012	2677	2998	3504	3381	3483	2734	2673	3416	3604	2790	3226	3173	3589	3156	3156	3667	2606	3306	3336	3311	3102	2962	3483	2348	2839	2911	2984	3128	3363	3512	3171	3179	3698	2488	2805	3331	2725	3013	2893	3254	3070	2640	2689	3057	3701	3920	3122	3192	3265	2982	2816	3085	2565	3523	2778
lh_inferiorparietal_area	4307	4587	4074	4163	4874	4150	2943	4189	4893	4858	4524	4990	5269	4433	4597	4604	4010	5542	4289	5553	3818	3956	3922	4318	3910	5698	4678	5028	4536	4286	3461	5252	3924	3766	4707	4023	4345	3620	3417	4141	4523	5104	4393	4752	6372	5229	4215	5615	3925	4228	4631	3641	3932	3116	4241	3448	4351	4657	5758	4085	4078	3727	5182	5194	3870	4542	4139	5797	3756	3802	3617	4077	3392	5028	3454	4698	4304	4445	3597	2924	3524	3738	4759	4907	4576	3947	4804	4161	3597	5769	5175	5489	4117	4139	3559	4982	3971	3710	4455	3800
lh_inferiortemporal_area	3785	4308	2919	3612	4494	3283	3073	3169	3092	3794	3583	3512	4309	3917	3816	3355	3427	4537	3727	3861	3334	3890	3128	3608	3097	3722	3638	3569	3238	3216	3623	3406	2978	2505	3589	3213	3377	3519	2661	3349	3952	2922	3660	4135	4615	3185	3259	3114	2923	3918	3162	3884	3819	3225	3373	3049	3717	4203	4470	3792	4183	3508	3642	4223	4246	2930	3457	3918	3078	3249	3641	3313	3243	3767	4086	3200	3036	3661	3119	3434	3974	2962	3483	3839	3390	3673	3803	3309	3175	3829	4191	3315	3159	4271	3640	3206	3519	2867	3581	3278
lh_isthmuscingulate_area	837	922	907	1056	1273	781	750	780	1109	966	842	1173	1188	832	1027	898	926	1285	724	820	854	928	846	1102	835	1085	974	1248	1199	968	927	936	750	1022	1210	988	774	797	593	793	937	895	962	1007	952	863	957	1141	876	1053	797	912	1274	666	892	686	974	1034	1303	990	1131	970	1195	1125	904	885	1015	1191	753	811	729	974	813	1135	656	897	1026	1200	896	784	806	864	1166	909	896	761	1004	966	1069	1193	1293	835	778	708	1060	968	973	668	1087	849
lh_lateraloccipital_area	5071	5685	5320	4625	7112	4416	3943	4231	5413	5060	4764	6191	5990	5049	5023	4422	5441	5272	5162	4695	4603	4792	4790	5774	4355	5806	5476	5726	5993	5263	5148	5823	4916	4827	4703	5323	5246	4850	3972	4395	5523	5724	5750	7272	5966	4399	5389	6002	4299	5489	4561	4693	5020	4855	4384	4331	4850	6015	5172	3852	5578	5619	5368	5248	6244	4901	5076	5681	4026	4502	4527	4904	3930	6066	4340	7058	5638	5750	4469	4373	4755	4854	4365	5108	4290	4749	4640	4426	5365	5915	4929	5219	4617	4521	4709	5319	4865	4291	5136	4664
lh_lateralorbitofrontal_area	3268	2669	2064	2467	3162	3043	2400	1983	2990	2223	2659	2901	3110	2318	2378	2399	3102	3143	2670	2475	2357	2213	2848	3689	2398	3068	2736	3282	2891	2764	2816	2480	2100	2857	2931	2198	2440	2815	1967	2113	2705	2169	2597	2618	3656	2591	2339	2553	2355	2807	2507	2556	2987	1799	2648	1816	3081	3240	3260	2337	3366	3251	2560	3277	3053	2394	2712	2866	2525	2271	2380	2001	2314	3099	2035	2490	2791	3094	2603	2125	2114	2627	2930	2850	3044	2388	3014	2464	2862	2879	3181	2869	2383	2081	2719	2687	2947	2594	2669	2343
lh_lingual_area	2802	3366	3460	2647	4188	2785	2832	2676	3547	2708	3174	2963	3476	3297	2350	2727	3032	3052	2762	2783	2769	3325	2566	3119	2624	3254	3356	3376	3536	3416	3563	3344	2616	2464	3049	3162	3209	2611	2768	2852	2200	2973	3258	3494	3042	2702	3086	3748	2932	2536	2535	2676	3544	2870	2512	2821	2851	3684	3461	3086	3964	2857	3032	2698	2869	2404	3127	3139	2679	2902	3138	3052	2118	3577	3055	3627	2581	3731	2681	2928	3414	2771	2565	3251	2840	3314	2558	2471	3329	3234	3254	2809	3202	2958	2688	3175	2927	2461	2754	2761
lh_medialorbitofrontal_area	2234	1903	1524	1788	2196	1960	1978	1687	1729	1767	2155	2154	2207	1898	1823	1870	2188	2115	1896	1696	1600	1757	2068	2239	1779	2314	1773	2409	2040	2073	1989	1848	1566	2094	1831	1677	1995	2028	1572	1597	2289	1578	1810	1901	2067	1854	1607	2286	1487	2225	1913	1883	2309	1423	2058	1626	1805	1964	2064	1727	2465	2108	1908	2242	1918	1926	2172	1889	1902	1758	1590	1936	1748	2279	1389	1845	2179	1933	1882	1652	1614	2012	2207	2250	2042	1784	1946	1873	2016	2487	2588	1882	1569	1328	1881	1909	2107	1715	2007	1739
lh_middletemporal_area	3221	3791	3058	3347	4114	3318	2723	2843	3099	3300	3755	3215	4177	3565	3861	3532	3556	3884	3054	3749	3104	3089	2943	3545	2915	3836	3775	3626	3052	2951	3151	3335	2576	3017	3282	2987	3464	3045	2500	2996	3042	3139	3333	4146	4130	3193	3038	3650	2984	3490	2891	3301	3383	3080	3241	3502	2978	3168	4173	3350	3924	3449	3217	3723	4187	2562	3229	4258	2896	2797	3444	3014	2692	3586	3928	3270	3018	3466	3023	2725	3284	2845	3472	3375	3153	3251	3673	3042	2955	3534	3265	3438	3318	3560	3883	3089	3218	2491	3560	2910
lh_parahippocampal_area	674	721	610	650	786	624	576	557	748	695	567	591	667	759	620	665	719	769	603	814	824	817	566	668	629	645	632	787	620	722	689	754	642	623	536	602	658	690	640	563	669	751	647	696	772	604	730	720	668	702	556	699	718	617	620	589	737	648	744	585	779	617	584	729	725	591	512	677	516	572	636	613	588	721	728	638	699	644	554	572	537	578	666	604	657	562	697	749	587	745	740	622	580	652	608	614	729	595	634	553
lh_paracentral_area	1557	1605	1190	1219	1623	1253	1231	1138	1040	1317	1240	1147	1358	1483	1204	1489	1335	1512	1457	1338	1106	1360	1317	1473	1225	1394	1221	1136	1112	1169	1312	1488	1017	1262	1518	1327	1437	1340	1168	1014	1189	1233	1220	1405	1546	1460	1267	1674	1179	1127	1171	1198	1478	1160	1253	1158	1240	1284	1559	1260	1778	1344	1449	1426	1553	1308	1350	1268	1203	1125	1224	1437	965	1445	1226	1346	1185	1111	1264	1073	1124	1222	1264	1217	1391	1137	1364	1221	1287	1640	1414	1076	1304	1244	1295	1349	1122	1006	1492	1025
lh_parsopercularis_area	1523	1853	1280	1308	1805	1415	1267	1284	1815	1967	1436	1747	1576	1435	1475	1788	1371	1435	1543	1488	1752	1555	1316	1531	1360	1673	1453	1572	1655	1604	2069	1782	1458	1771	1613	2048	1444	1324	1151	1594	1757	1562	1473	1772	2152	1425	1218	2084	1355	1707	1359	1965	1773	1222	1517	1289	1623	1809	2005	1684	1654	2089	1342	1885	1952	1447	1260	1645	1193	1571	1757	1714	1523	1476	1266	1276	1865	1642	1305	1548	1252	1350	1691	1383	1764	1296	1960	1311	2192	1099	1646	1905	1545	1589	1583	1641	1512	1306	1858	1161
lh_parsorbitalis_area	690	755	618	722	784	582	613	468	745	633	665	781	746	697	575	644	765	771	704	767	662	663	778	853	565	712	586	849	804	738	795	673	537	711	754	646	604	697	557	575	709	693	694	811	947	690	536	765	651	829	609	649	734	513	589	587	739	798	962	734	789	724	697	800	730	680	710	715	511	638	637	608	569	783	459	649	592	759	670	616	633	610	806	745	701	677	731	649	751	856	734	662	694	552	741	683	639	579	724	711
lh_parstriangularis_area	1125	1280	930	1303	1718	1258	1226	961	1575	1552	1283	1115	1231	1447	1010	1463	1022	1294	1134	1429	1438	1241	1080	1543	942	1503	1044	1552	1407	1547	1494	1502	1105	1186	1174	1390	1094	1182	1028	1312	1249	1156	1272	1823	1729	1063	1025	1668	1161	1602	1243	1369	1386	961	1070	1044	1206	1503	1619	1259	1423	1237	1132	1644	1534	1112	1126	1236	834	1349	1358	1224	1319	1469	1139	1368	1313	1636	1153	1119	1254	1187	1231	1368	1575	1159	1630	1284	1423	1187	1197	1540	1223	1043	1352	1031	1147	1257	1402	1204
lh_pericalcarine_area	1410	1572	1726	1255	1817	1120	1331	1270	1373	1088	1401	1365	1472	1151	1418	1014	1383	1212	1353	1091	1257	1371	1224	1490	1331	1402	1404	1414	1741	1759	1627	1606	1035	1215	1330	1657	1622	1261	1057	1126	1186	1243	1804	1540	1451	1401	1430	1897	1418	983	999	1155	1482	1386	1001	1204	1040	1367	1475	1261	1689	1513	1442	1306	1075	1187	1206	1351	1152	1011	1225	1262	973	1680	1503	1827	1055	1770	1066	1278	1334	1043	1144	1700	1273	1479	901	943	1516	1720	1199	1610	1091	1304	1172	1297	1550	1047	1319	1289
lh_postcentral_area	4446	5259	3646	3795	5610	3496	3398	3459	4503	4250	3924	3999	4846	3842	3670	4205	3923	4540	4275	4134	3985	4153	3680	4241	3361	4136	4012	4865	4031	3734	4853	4269	3806	3858	4517	4334	4261	3537	3731	3088	4197	3902	4168	4242	4929	4190	4133	4476	3710	4239	3321	4270	5050	3444	3658	3692	4309	3857	4808	4217	5021	3997	4420	4038	4675	3610	4391	5151	3403	3468	3923	3908	3344	4147	3561	4065	4235	4115	3715	3771	3689	3466	4087	4204	4803	4029	3386	3587	3505	4702	4977	3207	4143	3918	3837	3621	3904	3332	4498	3331
lh_posteriorcingulate_area	1419	953	1071	1116	1295	1051	909	876	1413	1181	1193	1164	1109	1266	1184	1125	1283	1427	1068	1103	1156	1155	932	1123	980	1147	1137	1503	1124	1151	1050	1096	828	993	1038	974	1129	1084	957	961	1032	939	1467	1165	1382	1254	1204	1422	989	1196	995	1379	1339	891	1166	886	1134	1100	1672	1262	1477	1159	1077	1151	1238	1077	1037	1056	812	898	1042	1181	927	1187	1058	1053	1133	1111	1151	892	910	1033	1199	1061	1109	1008	1189	997	1034	1350	1566	1040	971	996	1121	1118	1045	920	1232	931
lh_precentral_area	5122	6151	4354	4474	5967	4346	4098	5059	4635	4828	4632	4925	5732	4662	4400	4921	4507	5520	5118	4039	4554	4611	4341	5241	4228	4781	4595	5024	4974	4314	5382	5505	4633	4608	5183	4439	5015	4869	4750	3830	4860	4811	4990	4897	5671	5029	4594	5611	4403	5221	3777	4642	5487	3972	4260	4475	4813	4949	5404	4524	5337	4737	5105	5064	5283	4192	4888	5568	4312	4087	4668	4753	3583	5216	4191	4904	4996	4471	4380	4219	4701	4357	4455	4487	4745	4765	4430	4313	4507	5695	5851	5051	4353	5191	4278	4635	5212	3806	4997	3612
lh_precuneus_area	3678	4187	3195	3633	5054	3758	2599	3810	4117	3867	3500	3376	4039	3229	3395	3424	4183	4966	3155	4335	3222	3296	3455	4354	2829	4044	3390	4828	3751	3842	4281	3663	3200	3284	4042	3650	3963	3179	2978	2731	3599	3406	3200	3792	4082	3916	3934	4209	3780	3444	3388	3235	3998	3024	4077	3456	3778	4187	3813	3545	4697	3350	3634	3945	4252	3824	3622	4092	3476	3014	3934	3460	2851	4785	3677	3930	3896	3839	2960	3060	3116	3438	3868	3471	4121	3360	3892	4014	3683	4403	4316	3768	3414	3043	3322	3348	2863	3055	3682	3153
lh_rostralanteriorcingulate_area	936	893	628	619	1141	705	556	555	1022	765	969	832	999	557	781	928	1047	1179	728	953	803	904	705	816	977	885	718	1011	854	845	1019	804	575	670	814	833	827	796	753	604	753	598	996	866	1080	783	630	1135	866	772	565	791	909	573	914	571	793	1155	999	858	1027	939	876	979	824	768	727	1116	656	717	759	1054	452	984	607	853	665	891	1128	899	506	674	1009	664	998	856	867	860	736	1063	1206	916	728	682	842	910	892	539	923	526
lh_rostralmiddlefrontal_area	5617	5878	5207	5231	6954	5083	4769	4617	5849	5502	5899	5872	7099	6420	5322	6121	6510	6076	5653	6080	5162	5780	5679	6164	4479	5666	6168	6412	5058	5011	5040	5941	3793	4900	5318	5353	5535	5385	4465	4765	5225	5012	6184	6707	7595	4894	5562	6764	5159	5934	4947	5482	5693	4484	4933	4987	5998	6104	6515	5523	6928	6578	6659	5805	7113	5311	5219	5252	4281	5127	4989	4188	5166	6125	4330	5915	5065	5966	5383	4661	5037	4937	6567	5321	5579	5523	5684	5074	5370	7275	6417	6302	5334	4260	5503	5113	6222	5383	6502	4782
lh_superiorfrontal_area	7544	9064	6989	7230	10524	7224	6157	6300	7609	6979	7198	6582	8450	7470	6671	8406	7221	9147	7941	7516	7285	7800	7003	7269	6993	7520	7363	7527	6973	5780	8347	8773	5449	7059	7252	6936	8375	6496	6572	6559	6927	7096	7723	8391	8608	7420	7619	8845	7511	7130	6643	8399	7873	5949	5693	6158	7506	7605	8190	7624	8441	7365	8489	8476	9927	6491	7033	8363	5857	6325	6821	6914	5840	8062	6194	7277	7076	7480	6655	6019	6204	7104	6986	6981	8272	7161	6321	6965	6835	8077	8570	9085	7112	6353	6951	7518	7420	6715	7995	6020
lh_superiorparietal_area	5400	5680	4656	5692	6566	4760	5068	5283	6082	5606	5344	5425	5832	5762	4985	4592	6710	6124	4985	6044	4039	4428	4855	5756	5004	5675	5241	6126	4870	5722	5992	4665	4164	5310	6251	5566	5593	4472	4504	4184	5190	5611	4806	6377	7500	5874	5867	6214	5298	5255	4941	5186	6067	4772	6126	4320	5491	6395	5807	5279	6622	5127	5370	6241	5299	6058	5904	5147	3912	5000	5048	5006	3858	6780	5065	4822	5428	6367	5253	4018	4672	4834	6287	5927	5905	4511	6259	6151	5298	6563	6477	3928	4756	5402	4966	5110	4473	4908	4884	4750
lh_superiortemporal_area	3653	4946	3691	3757	4549	3898	3580	3420	3955	4112	4089	3998	4566	4149	3402	4777	4084	4283	3597	4209	4202	3658	3852	4122	3408	4074	3777	5179	4038	3409	4104	4061	3357	3916	3631	3995	4131	3502	3861	3615	3454	3515	3398	4722	4861	3416	3786	4953	3820	3892	3443	3840	4255	3649	3591	3828	3963	3983	4240	3414	4917	4197	3967	4485	4492	3308	4123	4832	3256	3327	4188	3407	3089	4180	3765	3775	4005	3837	3844	3247	4446	3597	4229	3868	3975	4165	3951	3537	3653	4664	4223	3595	4080	3483	4035	3610	3886	3395	4285	2988
lh_supramarginal_area	3860	5416	3238	3496	3663	3990	3147	4429	5082	4895	3860	3940	4574	4588	4392	4217	4890	5388	3099	4519	4313	3666	3871	4174	3735	4027	3776	5403	3500	3113	4066	3462	3297	4350	4789	4492	3780	3479	3092	2810	3829	4216	3800	3989	6441	4059	3595	5130	3614	4279	3455	3181	4771	3704	3901	3570	3717	4208	4441	3998	5353	4731	5247	5109	4461	3564	3976	3827	2604	3130	3856	3964	3568	4026	3382	3972	3736	4500	3559	3582	4124	3573	4178	3505	4430	3612	4413	4288	3536	3745	5001	3034	4139	3795	4238	4621	3852	3634	3589	2904
lh_frontalpole_area	259	196	227	227	332	276	269	183	252	269	289	308	324	235	382	256	286	261	220	251	244	216	335	228	238	289	262	343	282	237	255	271	257	244	320	279	289	266	198	257	238	296	240	272	343	283	293	346	210	273	271	268	265	234	262	207	254	290	256	195	304	285	272	302	201	243	274	251	209	284	236	211	210	294	239	335	248	300	240	257	276	318	261	255	266	307	297	248	321	321	294	294	242	256	246	241	271	253	300	245
lh_temporalpole_area	580	505	473	399	660	432	468	554	487	346	397	468	557	374	495	487	520	598	478	576	458	466	420	419	402	539	524	570	597	534	492	524	467	501	453	533	475	506	400	420	499	541	526	527	630	402	419	592	367	507	444	496	547	458	488	346	540	605	639	478	625	424	539	556	530	470	573	470	450	483	308	498	447	547	473	463	439	525	434	496	554	398	521	444	480	492	495	460	586	671	626	392	347	355	594	446	515	439	547	517
lh_transversetemporal_area	441	530	446	376	578	479	400	397	476	513	478	405	455	428	371	500	524	467	427	548	555	353	591	540	393	449	402	603	412	419	482	486	364	461	390	376	446	399	471	458	418	360	383	513	513	368	401	620	442	465	404	479	440	445	411	491	464	489	480	404	533	535	460	469	555	386	466	504	348	395	439	425	380	491	444	431	567	390	441	468	530	437	399	440	505	498	480	392	368	424	615	415	474	492	396	440	476	414	457	376
lh_insula_area	2180	2434	1958	2056	3133	2161	2054	1868	2723	2242	2329	2202	2127	2145	2162	2380	2094	2797	2180	2355	2512	2316	2123	2519	2366	1933	2371	2721	2592	1884	2277	2347	1874	2137	2424	2439	2419	2141	2116	2104	2098	2356	2554	2197	2749	2252	2176	2568	2342	2507	2110	2531	2499	1902	2057	2044	2306	2571	2692	2397	2627	2423	2887	2726	2483	2049	2205	2553	2069	1988	1979	2034	1806	2391	1955	2304	2252	2394	2020	2005	2073	2259	2430	2042	2510	2454	2547	2071	2341	2511	2484	2198	2220	2207	2562	2068	2740	1886	2518	2116
lh_WhiteSurfArea_area	87036.6	97500.9	77965.1	81073.6	106627	80004.9	71793.2	77097	90588.4	86887.2	84290.7	86134.4	97833.7	86705.6	81286.8	86729.2	90295.3	98443.1	83078.5	88202.7	80709.2	82671.9	78874	91063.2	75564.3	90929.8	85267.4	98241.5	85551.2	81027.6	89601.2	90457.5	71549.9	79795.2	87434.2	84407.4	86744.7	78050.5	71956.5	72077.3	82668.4	82461.9	87381.7	96204.2	106947	82976.7	83206.7	100787	79605.1	86967	74999.6	83250.5	93023.4	73355.5	78794.7	74365	85637.5	92646.4	98133.2	82868.8	101138	87876.8	91084.3	94326.2	95824.3	78518.7	83940.1	94044.7	69876	74546.1	80724	79316.4	69256.9	95625.8	76998.2	87363.8	83989.2	90635.3	77872.2	72511.5	79514.9	76939.4	87072.3	85016.1	88221.5	81912.6	84835.4	79635.1	82851.5	98301.3	97730.7	86199.1	80521	78743	82170	83337.3	84412.8	72634	88708.9	71701.2
BrainSegVolNotVent	1.18E+06	1.38E+06	1.05E+06	1.10E+06	1.37E+06	1.01E+06	980953	1.07E+06	1.21E+06	1.14E+06	1.12E+06	1.11E+06	1.32E+06	1.32E+06	1.10E+06	1.21E+06	1.19E+06	1.29E+06	1.14E+06	1.15E+06	1.16E+06	1.21E+06	1.06E+06	1.19E+06	978409	1.20E+06	1.15E+06	1.38E+06	1.19E+06	1.06E+06	1.19E+06	1.25E+06	1.01E+06	1.04E+06	1.13E+06	1.19E+06	1.13E+06	1.08E+06	1.02E+06	997574	1.15E+06	1.03E+06	1.15E+06	1.31E+06	1.32E+06	1.12E+06	1.12E+06	1.32E+06	1.13E+06	1.13E+06	990163	1.12E+06	1.26E+06	1.07E+06	1.03E+06	1.09E+06	1.14E+06	1.18E+06	1.33E+06	1.21E+06	1.33E+06	1.14E+06	1.12E+06	1.29E+06	1.32E+06	1.08E+06	1.05E+06	1.28E+06	941842	1.07E+06	1.14E+06	1.09E+06	952029	1.34E+06	1.09E+06	1.22E+06	1.16E+06	1.23E+06	965649	930427	1.09E+06	1.01E+06	1.24E+06	1.05E+06	1.14E+06	1.11E+06	1.20E+06	1.04E+06	1.08E+06	1.42E+06	1.34E+06	1.17E+06	1.07E+06	1.09E+06	1.15E+06	1.06E+06	1.19E+06	968278	1.19E+06	923191
eTIV	1.53E+06	1.89E+06	1.36E+06	1.55E+06	1.71E+06	1.39E+06	1.20E+06	1.24E+06	1.42E+06	1.60E+06	1.42E+06	1.39E+06	1.66E+06	1.69E+06	1.37E+06	1.58E+06	1.54E+06	1.65E+06	1.40E+06	1.50E+06	1.30E+06	1.58E+06	1.42E+06	1.49E+06	1.42E+06	1.46E+06	1.47E+06	1.80E+06	1.53E+06	1.30E+06	1.54E+06	1.64E+06	1.49E+06	1.43E+06	1.56E+06	1.66E+06	1.42E+06	1.37E+06	1.40E+06	1.44E+06	1.41E+06	1.34E+06	1.40E+06	1.80E+06	1.55E+06	1.45E+06	1.47E+06	1.75E+06	1.52E+06	1.45E+06	1.30E+06	1.46E+06	1.66E+06	1.53E+06	1.34E+06	1.32E+06	1.46E+06	1.52E+06	1.82E+06	1.22E+06	1.72E+06	1.43E+06	1.48E+06	1.71E+06	1.82E+06	1.40E+06	1.30E+06	1.64E+06	1.18E+06	1.29E+06	1.53E+06	1.14E+06	1.26E+06	1.71E+06	1.54E+06	1.69E+06	1.40E+06	1.52E+06	1.30E+06	1.25E+06	1.53E+06	1.31E+06	1.58E+06	1.30E+06	1.43E+06	1.53E+06	1.50E+06	1.40E+06	1.47E+06	1.90E+06	1.66E+06	1.44E+06	1.05E+06	1.55E+06	1.47E+06	1.46E+06	1.44E+06	1.27E+06	1.51E+06	1.05E+06