rh.aparc.volume	4001	4002	4003	4004	4005	4006	4007	4008	4009	4010	4011	4012	4013	4014	4015	4016	4017	4018	4019	4020	4021	4022	4023	4024	4025	4026	4027	4028	4029	4030	4031	4032	4033	4034	4035	4036	4037	4038	4039	4040	4041	4042	4043	4044	4045	4046	4047	4048	4049	4050	4051	4052	4053	4054	4055	4056	4057	4058	4059	4060	4061	4062	4063	4064	4065	4066	4067	4068	4069	4070	4071	4072	4073	4074	4075	4076	4077	4078	4079	4080	4081	4082	4083	4084	4085	4086	4087	4088	4089	4090	4091	4092	4093	4094	4095	4096	4097	4098	4099	4100
rh_bankssts_volume	2072	2493	2382	2608	2642	2484	1915	2040	2409	2368	2235	1685	2819	2832	2350	2988	2086	2867	2332	2208	1916	2260	2042	1776	1901	2272	2122	2834	1947	1957	2205	2610	1761	2465	1849	3065	2040	2037	2262	1717	2651	2301	1896	3742	2925	2362	2065	1880	2263	2176	1822	2241	1994	1996	2315	2348	2091	1706	2578	2215	1979	2082	2271	2531	2418	1906	2153	2540	1898	2314	2064	1854	1846	2057	2584	2073	2077	2939	1902	1367	2861	1670	2297	1764	2687	2205	2131	1603	2415	2832	2185	2292	2648	2135	2338	1847	2189	1930	2063	1343
rh_caudalanteriorcingulate_volume	3056	2264	2099	1783	1614	1303	1356	1746	2205	1646	1585	1288	3111	2167	1706	1536	1666	2488	1987	3114	2634	1783	2119	2615	1771	2083	2525	2527	1663	1497	2394	2210	1383	2265	1675	1866	1718	1743	1790	1913	1587	2150	1861	2238	3247	1969	1850	2796	2405	2086	1651	1826	1697	1354	2510	1990	2578	2878	2551	1422	1723	1995	1518	2589	2036	2157	2207	2351	1697	2192	1949	1341	1956	3280	1645	2442	1595	2207	2282	1824	1831	2073	1813	2109	1554	1883	2061	2286	2383	1761	2907	2818	1711	2142	2166	1746	2586	1837	1961	1550
rh_caudalmiddlefrontal_volume	7026	6986	5157	3962	8570	5167	4120	6083	7956	6546	5024	5557	7874	7764	5633	6347	6092	5174	5737	5692	6180	5992	4998	5853	4615	6285	7115	6187	5684	5602	6102	9069	4806	5050	6221	6793	5495	5526	5377	4650	6030	4675	5918	6850	8611	4746	5633	7057	5076	7496	4583	7032	6312	6893	4806	4483	6759	5851	7305	5032	7478	6623	4087	6913	6873	4333	6242	4804	5576	5571	6177	5437	3644	6513	5643	5451	5908	6608	5604	5187	5735	4540	7063	4978	5998	5799	6136	4404	7131	6807	7953	7801	5034	5787	5980	5834	8361	5119	7652	4653
rh_cuneus_volume	3288	3959	3677	3130	4786	2849	3320	2634	3958	3043	3564	3611	4313	2981	4441	2744	3618	3857	3064	3736	3483	3168	2941	3923	2891	3295	2878	4086	3479	3674	3440	3705	3147	3637	3512	4551	3689	2761	2250	2756	2811	3794	4082	3825	4267	3107	4476	3690	2389	3461	2560	3766	3771	2861	3022	2712	3018	4142	3433	2773	4278	3684	2955	3636	3174	3236	3248	3156	2526	3154	3560	2216	1970	4572	2256	3285	4160	4235	2737	2982	2659	2683	3348	3924	2679	3065	2655	2877	4268	4691	3726	3589	2572	3276	3408	3240	3624	3026	3188	2470
rh_entorhinal_volume	2096	2344	1797	1126	1617	2053	1764	1318	2506	1107	2166	1414	2003	1462	1748	1403	1835	2460	1424	2022	1175	1467	2064	1688	1601	2263	1432	2065	1569	2030	2037	1492	1454	1679	2312	1823	1849	1782	1423	1658	2137	1582	2436	1598	2152	1113	2142	1572	1171	1573	1955	1566	2085	1196	1827	1613	2145	2183	2082	1828	3098	1882	1763	1731	1476	1954	1636	1954	1881	1112	1202	1578	1772	2377	1348	1655	2174	1346	1712	2001	1505	1307	2376	1913	1770	1302	2005	1701	2197	2931	1626	1630	675	1108	1811	1770	2104	1713	2235	2180
rh_fusiform_volume	9058	12746	7442	8592	11174	10534	7868	6932	8866	9289	8402	9493	11966	9608	9550	9612	10241	11205	8634	9825	7436	8873	6180	9458	8649	10964	9781	12469	9720	8844	10290	10141	7875	8736	9510	9282	8616	7122	8169	6629	8731	7521	10622	11841	11235	8107	8436	10443	7762	9125	9101	7906	8594	9274	9070	8369	9786	11600	11443	9693	12082	8653	9023	10499	8992	9352	9898	9231	6806	7887	9928	7448	9346	11603	6826	8716	10129	9841	8073	7594	9475	7167	8651	8185	9533	8080	10886	9004	9572	11261	11235	9101	8906	8396	8537	8495	9564	7512	9898	8039
rh_inferiorparietal_volume	14883	20671	14179	14193	18367	12091	11827	13551	18945	13896	17041	15146	18566	14821	17941	15418	13758	18778	13674	14831	12092	15667	13016	20071	12356	19282	16277	18643	15337	12456	13914	13248	11262	15009	13303	17929	14532	13915	11868	10076	16067	13787	15637	19400	16167	15032	14733	18658	11286	15234	14717	13859	15561	13850	12914	10773	13602	15172	14038	13781	17926	15165	15591	16055	15416	14280	12543	17808	10891	12879	11889	12992	10816	15819	15246	16322	12384	17645	13019	11522	14081	11767	15978	11374	13941	14074	16866	16162	13553	18293	17397	15148	13471	17154	14256	14980	15122	14205	14579	11365
rh_inferiortemporal_volume	10622	12137	10173	9538	12824	8498	9494	7696	12167	10395	13036	10133	15533	13160	10994	9400	11533	12651	10099	11919	8747	10144	8667	11347	11503	13328	10028	13660	9960	9703	9783	11658	8814	9441	8707	7790	12985	9020	6920	9041	11352	9446	12334	11053	12297	10303	9935	9324	8605	10336	8032	10185	11766	10284	8791	9614	10447	10631	12274	10597	13502	11233	10298	14001	10698	12046	9146	12593	7778	9168	10712	8949	8512	13332	10012	9038	11654	11500	10061	10195	9370	8622	12653	10259	9785	8417	11933	12655	10256	13489	11129	11692	9159	10138	11993	10361	10480	9588	10383	9578
rh_isthmuscingulate_volume	2687	2790	2212	2754	3768	2257	2020	1725	2595	1980	2239	1965	3425	2517	2643	2226	2372	2697	2139	2861	2116	2054	2547	2682	2297	2755	2590	3135	3004	2160	2083	3371	1925	2654	2498	2357	2769	2480	2390	1700	1955	2402	2362	2231	2846	2237	2618	2432	2227	1871	1982	2770	2584	2089	2160	1565	2510	2257	2835	2570	3225	2806	2667	2571	1583	2409	2937	2077	2030	2271	1829	2635	1881	3283	1720	2370	2263	3672	2197	2511	1768	2130	2208	2589	2568	2028	2202	2230	2573	2590	2877	2826	1695	2024	2736	2412	2719	2053	2983	1993
rh_lateraloccipital_volume	11836	16854	12314	11537	17300	11545	10813	10840	14136	11059	13694	13019	14410	12252	12402	9001	11894	13543	11285	12739	11925	12446	12129	13746	11966	14728	13562	16005	15517	12075	11111	14236	12568	13700	9947	13516	14265	11760	9864	8664	10607	11484	14713	16245	15635	10221	11418	13627	9749	13147	11586	10392	12725	10064	10987	10311	11786	15356	14527	10256	15213	11910	10265	14243	12538	13279	12372	13195	8804	11964	11217	11211	8741	15263	9497	15396	13315	13931	12294	10708	11323	11405	10780	11752	9826	12913	13500	11846	14590	15247	14588	13848	9763	11928	14361	12479	12421	10519	13076	9789
rh_lateralorbitofrontal_volume	8210	8288	6581	7307	10190	8057	6702	5553	9108	7705	6662	7450	9159	7738	6284	7632	8792	8148	7115	7358	6536	6943	6992	8123	6489	9790	8164	9192	7904	7169	8388	8182	5885	7837	6472	6814	7593	7874	6549	6910	8263	6389	8038	7546	8993	7202	7849	7191	7135	7113	6653	7796	7933	6323	7522	6419	8183	8560	9366	6434	9460	9640	6371	8716	8420	8176	7719	8669	6970	7005	7196	6230	6015	9194	6309	7100	7199	9229	7641	6218	6911	7093	7630	7253	8415	6438	8461	7281	8230	8596	8961	8335	6954	6457	7052	7363	9020	6432	7893	7061
rh_lingual_volume	8521	8307	7448	6121	9345	6530	7461	5891	7298	4866	7407	5862	8339	7205	5830	5932	6703	6751	6309	6159	7617	7061	6782	8301	5836	7702	7493	7991	7180	7770	7239	7766	6437	6239	6459	7382	7222	6336	5460	5684	5034	6643	7852	6799	8459	6328	7038	8061	5066	5170	6585	6245	7806	4874	5919	5175	7179	8753	7986	6030	8218	5949	6612	4989	5716	5420	7219	6556	5377	6080	6125	5789	4327	9096	2862	7000	7874	10033	7883	7042	6971	5680	7531	8270	5495	5523	4972	5029	7893	8578	6888	8342	5698	5365	6222	6404	8790	6362	7534	6966
rh_medialorbitofrontal_volume	6146	5708	5146	5836	6793	5658	5210	4679	6496	5006	6492	5930	6239	5594	5698	5500	5557	6688	4925	5646	5696	5349	5153	5516	4448	6747	5584	6441	5757	5239	6543	7034	5168	5702	5840	5961	5516	4903	5240	4811	5526	5792	6667	6257	5800	4788	4805	6097	4841	5484	5143	5522	5810	5307	5633	5153	5319	5376	6466	5477	6464	5675	4670	6192	6299	6538	5723	6909	5209	5679	4960	4743	5070	6773	5161	5935	5647	6143	6126	5081	5662	5013	5901	4537	5869	5100	6062	5940	6554	5757	6846	5615	4766	4784	5449	6495	6479	4701	5150	4635
rh_middletemporal_volume	11251	13396	14077	12156	13987	13151	10328	10393	14262	12972	13840	12135	15313	15772	13053	13363	12385	13930	10755	11700	13025	12442	13662	12632	11829	15163	12643	14678	11744	9954	9993	13389	9804	11139	11075	11148	12314	13029	10730	9704	12025	11346	11990	14642	16893	12363	10909	13811	10104	11714	9909	14457	12608	10667	11480	11811	10923	13180	14985	11748	12573	13745	12032	13898	13643	9771	9819	12556	9164	11438	12793	10784	11181	12121	13104	10195	10887	14810	10522	10293	11752	9474	13773	11088	12681	10594	13747	12458	11853	12085	14909	13955	12376	11200	13452	11399	13383	10775	12508	10182
rh_parahippocampal_volume	2105	2466	2312	1972	2213	1719	2161	1946	2385	1523	2438	1945	2154	1988	1976	1594	1936	2581	2056	1999	2140	2798	1783	2389	2107	2806	2000	2070	2210	2057	2070	2025	1776	1836	1850	1885	2246	2318	1819	1653	1896	2187	2229	1870	2328	1854	2630	2171	1753	2050	1897	1951	2125	1675	1629	1585	2214	1971	2351	1923	2277	2187	1689	1708	1744	1954	1656	1538	1667	1970	1739	2050	1921	2622	1792	2014	1736	2149	1858	2020	1768	1993	2309	1897	1934	1753	1965	1440	2274	2625	2056	2317	1669	1971	2328	2150	2306	2324	2224	1749
rh_paracentral_volume	5501	5149	4529	3492	4731	3669	2837	3670	4580	4430	3952	3802	4395	4037	3909	3302	3411	4856	5078	3101	3682	3727	4427	3908	3740	3846	3930	4887	3278	4307	3859	3581	3248	3402	4327	3880	3982	3560	3236	3469	3759	3773	4621	3771	4800	4862	4424	4777	3591	3631	5044	3285	3790	3446	3478	3686	4419	4203	5208	3646	5627	3969	3868	4730	4678	4725	3679	3332	3608	3790	4169	3832	3752	4701	4161	4230	5355	4533	3795	3219	3680	3860	4395	3938	5059	3338	4115	4278	3652	4700	4849	4491	3031	4091	3926	3517	3945	3571	4019	2858
rh_parsopercularis_volume	4344	4483	3343	3781	3907	3271	3351	3062	4151	4338	3773	3637	4804	4526	3642	4219	3194	4026	3269	3283	4777	5388	3546	3840	3472	4902	3903	4535	3863	3368	4251	4509	3704	3659	3525	4398	4085	3546	3392	3530	3846	3906	3585	4573	5642	3927	3448	4560	2760	3474	3306	3697	3793	3889	3938	3176	3757	4497	4169	3977	3880	4819	3413	3806	6266	5000	4000	3972	2823	4074	4110	4799	2961	5279	3707	3261	5140	3544	2972	3531	3646	2973	4129	2945	3988	2730	4333	3138	5282	3315	4529	5307	3472	3382	4216	3573	3738	3369	3803	2992
rh_parsorbitalis_volume	2849	3163	2506	2696	3199	2845	3543	2035	3320	2922	3042	2977	3188	2950	2352	3258	2612	3177	3038	2733	3053	3283	2825	3311	1936	3025	2332	3970	2943	2509	2966	2776	2509	2523	2734	2938	2376	2761	2574	2298	3256	3086	3311	2701	2728	3003	2378	2945	3105	2702	2516	2847	2854	2433	2088	2280	2605	2950	3755	3129	3774	3067	2492	3135	3438	3360	2860	3961	1981	2560	2787	2226	2471	3023	2434	2529	3057	3294	3034	2648	2929	2334	2704	2691	2419	2673	3076	2570	3513	3375	2873	3127	2686	2157	3523	2796	3375	2718	2984	2631
rh_parstriangularis_volume	3934	4402	2912	3965	5293	3236	3884	2464	4359	4778	5030	4229	5230	4512	2808	4260	3839	4026	4753	3554	5179	5207	3768	4944	4206	4586	4006	6222	4596	3230	4413	5176	3635	3784	4093	4843	4538	4453	3805	3996	3913	4909	3648	5044	5741	3629	3455	5296	4689	4313	3104	4439	4055	4565	4739	3326	3355	3405	4815	4628	4688	4331	3566	5322	5696	5380	4455	3120	3199	4681	4022	4257	4023	5415	3842	4282	4902	4844	3653	4150	3540	3205	4652	3813	3477	3399	4674	3312	4351	3273	4578	5363	4497	4366	4427	4127	4668	4246	3996	3626
rh_pericalcarine_volume	2064	3105	3104	2469	3050	1959	1627	1942	2534	1565	2419	2030	2262	1853	2548	1649	2308	2173	1675	2320	1863	2031	1739	2200	1735	2161	1859	2506	3015	3235	2645	2672	1834	1902	1863	3280	2261	1692	1411	2004	1966	1853	3712	2288	2828	1946	2921	2535	1582	2346	1678	1839	1790	1828	1598	1697	1559	2375	2219	2002	2678	2245	2248	1783	1739	1771	2025	1936	1990	1595	2541	1865	1326	3322	1789	2162	2191	3099	1708	1681	1753	1196	1808	2467	1687	2159	1440	1403	2566	3761	1757	2420	1563	2324	1929	2277	2342	1749	2229	1686
rh_postcentral_volume	11586	10690	8342	8631	11374	9054	8161	8491	11286	8449	7847	9118	12289	10387	9836	9432	8476	11445	9878	9938	8808	8104	8936	8094	7982	10990	8604	11788	10061	8030	9741	12129	9269	7567	9827	10439	10096	8028	8441	8016	9140	9904	9359	10182	11292	10610	8909	9748	7831	9745	9448	11348	11433	8905	9427	9057	9722	8875	11165	9334	10869	9109	10114	9595	11403	7994	11019	9222	7895	8236	9901	7434	8425	10472	8026	9455	10727	10153	7133	7745	9186	9150	10132	8605	8892	7943	9953	9965	9794	8977	11652	11054	9794	9041	8712	8542	8893	7324	11939	7442
rh_posteriorcingulate_volume	3670	3062	3226	3259	3861	3414	2149	2292	3728	3250	3576	3097	4082	3377	2939	3443	2752	4658	3500	2989	3126	2625	2980	4129	2771	3706	3459	4572	3110	2442	3074	3679	2438	3013	2682	3086	2986	2659	3130	2157	2746	2967	3234	3493	5014	3210	3328	4119	2699	3417	3266	3438	3705	2163	3525	2633	3441	3838	4868	2843	3405	3912	3252	3943	3078	3432	3085	3126	2621	3112	2412	2385	2767	3594	2888	2672	3329	3209	3173	2960	2745	3120	3467	3600	3014	2199	3365	3181	3392	3533	3863	3906	2704	2725	3128	3273	3543	2431	3277	2400
rh_precentral_volume	14817	15850	12156	11128	16260	13871	11970	11975	15191	13282	12639	11762	16028	14958	13673	13766	12082	15175	13232	11639	13870	12460	12690	13720	10457	16287	12843	14629	12951	11485	11990	14385	10296	11306	13769	11862	11768	12160	12180	10984	13571	11653	13348	14736	17288	14077	13137	15963	10748	12894	10350	13948	15083	12440	12868	11757	13336	12709	16185	12632	15914	14463	12941	15907	11449	12714	13362	15013	11631	11704	14527	11723	11041	14719	12957	13716	13777	13587	12251	10773	12388	13030	13918	12410	13533	10870	14518	11498	13457	13557	14691	12920	11521	13755	12005	11185	15531	10745	14638	9962
rh_precuneus_volume	11109	11712	9266	9354	12032	9694	8309	8972	11236	8600	9350	9676	12188	10187	9497	9191	10729	12688	9324	12129	9403	8404	10082	10236	7807	12160	10001	12348	10165	10619	9873	10603	7859	8882	12259	9357	11916	8577	9227	7187	10414	10901	10040	10535	11776	10006	8972	9648	8991	9015	8386	9781	10929	11367	10903	7693	9691	10825	9295	10013	12473	9737	8502	11489	13018	11311	10137	10999	8729	8945	11175	9155	7082	15157	12352	10372	10292	12264	8241	8149	9427	8255	10390	8689	10548	7982	10612	10177	10247	11579	11434	11369	8767	8634	10609	9504	8280	8368	11328	8244
rh_rostralanteriorcingulate_volume	2259	2518	2043	1896	2267	1528	1576	1263	2862	1612	1888	1723	2453	2202	1578	2794	2409	2322	2054	2638	2482	2416	1841	2637	1830	2637	2779	2744	2151	1383	2319	1653	1696	2322	1933	2431	2331	1412	2029	1684	1727	1835	2221	1910	3073	1966	2252	2469	2217	1987	1799	1897	1202	1964	1786	1516	2116	2580	2032	2283	2459	2099	2600	2872	2806	2082	2168	2567	762	1690	1940	2118	1298	2756	1673	2138	1779	2472	2025	1313	1826	1725	1778	1880	1647	1698	1743	2282	2199	2439	2491	2777	1988	1891	1986	2269	2476	1836	2303	1229
rh_rostralmiddlefrontal_volume	15134	16315	15826	15507	19688	13220	11082	15185	16732	14727	17332	14765	18245	18733	13529	18461	17330	16315	15827	15197	14130	15209	14139	16205	11744	18149	15438	16620	14347	14342	15821	17841	11929	13323	13269	18151	14976	14740	13635	13519	14036	11995	16378	18913	17847	13806	15889	16953	13342	15112	12139	15459	14196	14486	12974	12343	14773	15111	15546	13949	19833	15756	16317	16790	22599	13950	13375	16315	12790	12361	13522	11069	12668	17958	12030	15245	13754	19041	14977	13596	15875	11832	17270	13437	15055	15663	15925	14655	14360	18448	15759	18754	13698	13001	15848	16069	16041	14460	16042	13116
rh_superiorfrontal_volume	23248	24885	20692	21130	29950	19689	17161	18852	24330	21347	24118	20007	25841	23349	20594	25234	21855	26520	22398	20472	20610	22239	20524	21064	18088	23790	20435	24442	19615	18474	21372	28223	16487	18718	20913	24152	23162	19126	21686	17188	21051	20494	24771	23225	26798	20677	22436	26344	18641	21402	19757	23182	21196	23862	16599	21065	19315	19344	25480	22245	27027	22780	20812	23247	28149	21022	19109	24340	17384	21182	23969	18916	17991	25019	22724	19949	23125	24670	21488	19915	21408	18939	23981	19364	24891	20976	21686	19001	20952	30141	23504	29924	20757	22194	22985	21307	24962	18917	21993	16655
rh_superiorparietal_volume	13544	14869	11809	10687	16046	10723	11427	12060	15489	13029	12557	11236	14239	13205	14245	10995	16061	14633	11734	13092	10184	12234	13011	14527	11763	16844	14538	16220	10654	14750	12798	11755	10430	10947	12852	12911	13808	11180	11261	9300	13199	13094	12885	13996	14459	13990	14788	14277	10768	12984	12906	11766	15214	13330	14170	10643	14384	14351	13530	11645	16539	12358	11109	14719	15033	15767	13977	13172	8870	11348	12868	11312	10738	17267	17039	11877	16096	15913	12131	9986	12146	11308	15932	11631	14810	11764	16914	14536	14113	15831	16001	10310	12237	13855	13820	11995	10302	12742	12539	11082
rh_superiortemporal_volume	11078	13095	10551	11353	12032	11147	9979	9230	11706	12284	12509	11291	13681	14104	11281	15707	12268	13165	10655	12403	12726	11889	11011	12919	10777	13203	11682	14023	10668	9804	13379	11257	9167	11321	11723	11087	12934	9922	12081	10318	11630	9882	10884	13696	17454	10143	12898	14393	11750	11874	9886	12354	11234	12256	10555	12989	10485	11172	14604	11808	12681	11363	10841	12840	16347	11550	12516	14092	10920	11310	13036	9353	10884	13575	11250	11462	13639	12254	10660	8431	12194	10834	11741	9838	11650	11207	12526	10839	12177	12367	12356	12214	12818	9227	12584	11126	12082	10923	11831	9267
rh_supramarginal_volume	10527	11522	8403	10551	11375	10411	8465	9537	10683	12112	9377	9003	12983	12608	10562	14097	9900	13065	9635	11201	11291	10607	8576	7866	9438	12411	10651	14388	9108	8478	10102	13081	8959	10326	11153	8838	10337	8120	9813	8876	10954	10857	9976	10145	11618	10440	9069	9497	8661	9725	9867	10042	11187	11006	9073	10685	10120	9905	12920	11071	12886	10796	10252	10153	12994	11250	11346	8757	7635	9348	12184	10249	9378	11925	9150	9932	11184	12760	8243	7496	9821	7680	11050	9814	11913	9416	11771	9628	9581	11366	11032	10371	12000	10604	8930	9690	8326	7833	10691	8496
rh_frontalpole_volume	1220	1088	1429	1563	1187	986	1133	848	1589	1224	1492	880	1273	895	1367	1069	1247	1067	1152	1331	861	653	1062	1229	777	1446	1306	1527	1167	946	1567	1326	1137	1032	1486	1398	1332	1275	1296	1098	1444	1253	1471	1195	1158	1187	1414	1376	1011	995	1055	1232	1111	1269	1092	962	1349	902	1131	811	1070	1232	1155	1096	899	1255	1288	1539	975	1239	1194	817	884	1423	1483	794	1325	1209	1299	1281	1258	783	1149	816	979	1359	1586	963	1342	1351	1348	1308	688	1353	1343	1110	1241	1210	1232	1318
rh_temporalpole_volume	2995	2308	2672	2312	2834	2511	2193	2111	2846	2550	2082	2633	3046	2404	2707	2701	2717	2962	2699	3724	2259	2582	2790	2794	2950	3606	2309	3452	3324	2408	2880	2537	2318	2615	2660	2986	2772	2823	2408	2142	2449	2420	3029	2606	2812	2120	2346	3252	2239	2431	2854	2603	2294	1755	2849	1877	2770	2966	2937	2259	2969	2604	3017	2817	2379	2806	2945	2938	2536	2071	1869	1848	2617	3337	2391	2703	2792	3240	2363	2932	2397	2454	2988	2378	2663	2303	2537	2677	2972	4043	2499	3078	1786	2398	3114	2493	3162	2676	3362	2705
rh_transversetemporal_volume	1042	980	711	750	963	1033	984	904	975	963	802	720	1058	1048	773	1257	956	1087	729	1033	970	761	951	758	875	940	878	1260	774	763	967	1233	764	988	1144	764	1019	807	878	808	835	730	953	919	1234	754	779	1142	966	965	753	1060	915	866	651	807	879	937	1078	971	1278	1007	800	1027	1492	848	902	1078	693	862	1139	810	756	1251	801	811	1073	947	999	815	1108	781	862	775	885	915	906	816	864	953	1009	994	1005	1047	796	790	896	812	1147	654
rh_insula_volume	6999	8061	5228	6616	7626	7569	6155	5318	7039	6950	8148	5983	6833	7112	6249	7547	5891	8700	5804	6226	7340	7736	6623	8086	7210	7129	7432	8445	7231	5874	7236	7596	6304	6969	7295	7372	6677	6754	6386	6099	5967	6400	6652	7144	8727	6000	6468	8534	6214	6995	6680	6824	6894	6945	5682	6046	5898	7492	8411	7771	9299	6688	6677	8086	8343	6385	6875	7276	5273	6549	6655	5726	5807	7584	7095	7191	8271	7338	6088	6362	6990	5905	7469	6575	6798	6538	6653	6747	7411	7471	7235	7999	7150	6886	7110	6648	6892	6369	8203	5943
BrainSegVolNotVent	1.18E+06	1.38E+06	1.05E+06	1.10E+06	1.37E+06	1.01E+06	980953	1.07E+06	1.21E+06	1.14E+06	1.12E+06	1.11E+06	1.32E+06	1.32E+06	1.10E+06	1.21E+06	1.19E+06	1.29E+06	1.14E+06	1.15E+06	1.16E+06	1.21E+06	1.06E+06	1.19E+06	978409	1.20E+06	1.15E+06	1.38E+06	1.19E+06	1.06E+06	1.19E+06	1.25E+06	1.01E+06	1.04E+06	1.13E+06	1.19E+06	1.13E+06	1.08E+06	1.02E+06	997574	1.15E+06	1.03E+06	1.15E+06	1.31E+06	1.32E+06	1.12E+06	1.12E+06	1.32E+06	1.13E+06	1.13E+06	990163	1.12E+06	1.26E+06	1.07E+06	1.03E+06	1.09E+06	1.14E+06	1.18E+06	1.33E+06	1.21E+06	1.33E+06	1.14E+06	1.12E+06	1.29E+06	1.32E+06	1.08E+06	1.05E+06	1.28E+06	941842	1.07E+06	1.14E+06	1.09E+06	952029	1.34E+06	1.09E+06	1.22E+06	1.16E+06	1.23E+06	965649	930427	1.09E+06	1.01E+06	1.24E+06	1.05E+06	1.14E+06	1.11E+06	1.20E+06	1.04E+06	1.08E+06	1.42E+06	1.34E+06	1.17E+06	1.07E+06	1.09E+06	1.15E+06	1.06E+06	1.19E+06	968278	1.19E+06	923191
eTIV	1.53E+06	1.89E+06	1.36E+06	1.55E+06	1.71E+06	1.39E+06	1.20E+06	1.24E+06	1.42E+06	1.60E+06	1.42E+06	1.39E+06	1.66E+06	1.69E+06	1.37E+06	1.58E+06	1.54E+06	1.65E+06	1.40E+06	1.50E+06	1.30E+06	1.58E+06	1.42E+06	1.49E+06	1.42E+06	1.46E+06	1.47E+06	1.80E+06	1.53E+06	1.30E+06	1.54E+06	1.64E+06	1.49E+06	1.43E+06	1.56E+06	1.66E+06	1.42E+06	1.37E+06	1.40E+06	1.44E+06	1.41E+06	1.34E+06	1.40E+06	1.80E+06	1.55E+06	1.45E+06	1.47E+06	1.75E+06	1.52E+06	1.45E+06	1.30E+06	1.46E+06	1.66E+06	1.53E+06	1.34E+06	1.32E+06	1.46E+06	1.52E+06	1.82E+06	1.22E+06	1.72E+06	1.43E+06	1.48E+06	1.71E+06	1.82E+06	1.40E+06	1.30E+06	1.64E+06	1.18E+06	1.29E+06	1.53E+06	1.14E+06	1.26E+06	1.71E+06	1.54E+06	1.69E+06	1.40E+06	1.52E+06	1.30E+06	1.25E+06	1.53E+06	1.31E+06	1.58E+06	1.30E+06	1.43E+06	1.53E+06	1.50E+06	1.40E+06	1.47E+06	1.90E+06	1.66E+06	1.44E+06	1.05E+06	1.55E+06	1.47E+06	1.46E+06	1.44E+06	1.27E+06	1.51E+06	1.05E+06
lh.aparc.volume	4001	4002	4003	4004	4005	4006	4007	4008	4009	4010	4011	4012	4013	4014	4015	4016	4017	4018	4019	4020	4021	4022	4023	4024	4025	4026	4027	4028	4029	4030	4031	4032	4033	4034	4035	4036	4037	4038	4039	4040	4041	4042	4043	4044	4045	4046	4047	4048	4049	4050	4051	4052	4053	4054	4055	4056	4057	4058	4059	4060	4061	4062	4063	4064	4065	4066	4067	4068	4069	4070	4071	4072	4073	4074	4075	4076	4077	4078	4079	4080	4081	4082	4083	4084	4085	4086	4087	4088	4089	4090	4091	4092	4093	4094	4095	4096	4097	4098	4099	4100
lh_bankssts_volume	2110	2969	2444	2422	1690	2403	2172	2265	3311	2570	1828	1889	3534	2455	2739	3083	2797	3289	2312	2293	2390	2730	2034	2511	2103	2843	1983	3314	2743	1848	1757	3822	2269	2129	1980	2516	2687	1979	2352	2278	2218	2359	2451	2806	3609	2800	2338	3465	2270	2054	2007	2165	2401	2530	2490	2324	2171	2567	3840	2656	3157	2305	2204	2909	1977	2027	2051	4676	1651	1780	2133	1774	2010	2326	2291	2125	2024	2300	2719	1736	2534	1781	2590	2070	2141	2190	2107	1946	2194	2468	2333	3775	2099	1647	2094	2192	2745	1641	2361	1792
lh_caudalanteriorcingulate_volume	3181	1189	1443	1816	1590	2241	1273	1990	1553	2011	2351	1872	2069	1890	2489	1584	2844	3462	1958	1760	1454	1992	1048	1457	2590	1457	1595	1951	1806	2315	1251	2027	1330	1828	1519	2503	1794	1597	1348	1120	1570	1077	2266	1379	2272	1590	1794	3295	1676	967	1305	1640	1423	1724	1669	1744	1662	1711	2477	1485	2922	2567	1191	1497	1580	1845	1540	1741	1280	1327	1586	1960	1588	1575	1521	1476	2230	1763	2977	1742	1810	1428	2966	1411	1434	1679	1826	1667	1205	2151	2064	2080	2095	1886	2350	1546	1729	1266	1165	1084
lh_caudalmiddlefrontal_volume	7479	7270	5968	5697	9323	6000	3931	6782	7401	6650	6040	5103	8092	7754	4609	7171	7260	5402	7747	5364	6538	5413	5615	6688	5350	9577	6808	8400	5459	5739	6937	9213	4443	6074	6384	6223	5770	6926	6345	4559	5978	5663	7154	6685	7650	5752	6762	6612	5552	6716	5418	7198	7292	6810	5732	4821	6960	5849	8153	6491	7496	7651	6349	7535	8384	5568	5638	6117	5895	6073	8254	5034	4355	8789	5581	5981	7132	7338	6379	6028	6468	5680	7174	5560	7275	5450	6385	5051	7197	7536	7756	7557	5752	6308	7242	7279	8260	5856	6798	4257
lh_cuneus_volume	3803	3588	3469	3215	4532	2436	3015	2677	2889	2806	3451	3345	3496	3183	3851	2590	3189	2906	2652	3576	3226	2744	3020	3342	2827	3247	3748	2866	3318	3448	3050	3857	2700	3335	3426	3246	3476	2856	2684	2982	3079	3248	4481	4388	4037	2813	3108	3485	2375	2757	2118	3238	3699	2990	2169	2381	3027	3811	2929	2506	3553	3644	2918	2934	3158	2951	2737	2809	2369	2633	2555	2265	2099	4499	2990	3110	3583	3711	2406	2423	2799	2394	3053	3984	2277	3456	2267	2891	4225	4357	3194	4019	2923	3090	2969	3248	3467	2847	3887	2460
lh_entorhinal_volume	2327	2124	1987	1325	2115	1968	2169	1241	2661	1179	1980	1627	2231	1846	1536	1781	2087	2545	1626	1850	1445	1479	2111	2296	1504	2299	1525	2336	1839	2174	2053	1388	1764	1950	2134	2421	1751	1842	1144	1765	2053	1386	2199	2032	2514	1477	1946	1871	1328	2232	2014	1650	2449	1532	1513	1423	2339	3154	2618	2062	2705	1646	1595	2078	1586	2573	1877	1669	1609	1667	1425	2327	1861	2673	1465	2496	2003	1870	2201	2183	1379	1708	2370	1678	1704	1851	2990	1805	2001	2677	1871	1983	531	1421	1641	1522	2549	1594	2388	1761
lh_fusiform_volume	9934	13412	9367	8883	10423	9816	8436	8567	10123	9627	7710	8309	11290	10331	9184	10388	10762	11622	9395	10325	7452	10063	8321	9847	8420	9742	9081	12957	9007	9406	10077	10974	9692	8542	8129	9913	9224	7884	9532	6772	9773	9815	11305	11227	11982	8664	9408	11359	8604	9803	8841	8205	9664	9540	8486	9424	10071	10853	10984	10275	12741	7974	9334	10005	9140	10100	9283	9260	6790	8756	8284	8168	10046	10588	8622	9127	10826	12409	8158	8909	9585	7963	10143	8615	9634	8290	8736	8225	10364	11318	11536	10137	9162	8636	10401	8685	10168	8460	10981	8738
lh_inferiorparietal_volume	12290	12981	11506	11358	13367	10481	8494	11678	14103	12071	12566	11588	15859	12607	13558	12609	11082	15495	11180	12511	10002	11040	11266	11835	11020	16667	13895	14829	12432	11550	9236	14898	10874	10011	12476	11644	12568	9892	10111	10750	13267	12914	12255	12694	12138	14357	12520	13739	9580	11076	13225	10252	10538	9589	11272	9798	12485	11883	14259	10798	11268	10291	13120	14439	9617	12885	11537	14884	10030	10421	10876	9696	10051	14941	10056	12078	12459	13281	9436	7315	8994	9459	12784	11050	12238	9789	14144	11688	11041	15629	14392	14661	10897	11383	10069	13331	11851	10694	12165	10189
lh_inferiortemporal_volume	12760	12929	9632	11308	15134	11595	10075	9041	10699	11224	12673	12587	14030	13887	13285	10590	10203	14632	11463	13440	9388	12514	10259	11566	10343	13755	11593	11951	10093	9535	11890	10390	8468	8636	10745	9000	10870	12888	7218	9252	13357	8708	12381	12034	13922	10228	10801	9504	8184	12743	10102	13270	11554	10116	10821	9138	11996	14028	14868	12065	12335	11399	10792	14904	13238	10528	10729	11522	9824	10592	12404	8638	10204	12384	10081	9437	10229	12338	9990	11704	11471	8430	11081	9657	10666	10261	13654	12766	11276	12503	13539	12285	9869	13329	12582	10624	12112	9220	11261	10185
lh_isthmuscingulate_volume	2256	2749	2333	2811	3801	2207	2026	2080	3183	2688	2554	3177	3803	2602	3021	2567	2755	3321	1932	2273	2456	2702	2334	3120	2241	3221	2663	3710	3139	2657	2546	2804	2076	2710	3038	2851	2367	2284	1831	2142	2295	2734	2787	2455	2937	2454	2861	2932	2144	2623	2334	2355	3189	2014	2418	1899	2694	2502	3412	2919	3285	2555	2813	3182	2142	2958	2635	3036	2176	2479	2147	2554	2091	3451	1812	2321	2981	3503	2663	2292	2414	2185	3271	2348	2573	2002	2676	3008	2954	2841	3489	2484	2275	2178	2847	2539	2654	2073	2937	2189
lh_lateraloccipital_volume	11998	13494	12212	11462	17262	10754	10093	10810	12054	11312	12542	13417	14172	12643	12434	10834	13680	13749	11088	11025	11334	11617	11747	13450	10152	14496	12285	14357	13603	12143	12080	13954	12166	12050	10996	12570	13659	10607	9764	10298	13957	12788	15011	17229	13292	9886	11417	13034	9464	13201	11143	11458	12408	11549	10575	10678	11367	14683	12521	9221	13467	12663	11835	12986	15463	13092	12026	13497	8173	11856	11680	11040	9107	14466	10764	16299	16536	15158	11475	9409	11211	9830	11494	10310	10420	11248	12558	11316	13202	14394	12737	13486	10948	11333	11874	12444	11100	10254	11359	9913
lh_lateralorbitofrontal_volume	8900	8550	6374	7466	9126	8111	6040	5864	8659	6976	7273	6296	9187	7749	6543	7438	7604	9014	6887	7274	6938	6742	7630	9886	5967	9288	8002	9437	7959	7189	8311	8104	6161	8294	7494	8065	6937	7893	6714	6917	7825	6944	7485	8490	10187	7056	6959	7139	7390	6655	7034	6978	7663	6549	7161	5855	7990	9235	8627	6889	9988	8894	6724	9611	9330	7009	7739	8694	6882	7683	8021	5766	6459	8751	6858	7938	7806	9765	7941	6571	7406	6720	8591	7296	8160	7049	9089	7061	8299	8368	9012	8076	7478	6373	7784	7740	8099	7024	8131	7043
lh_lingual_volume	6455	8128	7236	5778	9141	5995	6055	5867	7714	4937	7655	6110	7932	7358	5026	5145	5758	7588	6349	5772	6329	7192	6045	7263	6017	7536	7807	8704	7666	8023	7440	7294	5185	6197	6561	7291	7426	5925	5678	5905	4418	6520	7760	8048	7736	5936	7263	7314	5465	4564	5744	6109	7206	4912	5333	4847	6427	7815	7724	6316	8964	6148	5859	5141	5774	5408	6915	5945	5355	7079	6912	5581	4749	8877	6416	7150	6288	9117	6657	6735	6695	5648	6524	7564	5820	6449	5346	6198	8110	7512	7403	6674	6751	6152	6289	7189	6573	5268	6034	5944
lh_medialorbitofrontal_volume	5888	5026	4393	5499	6005	5809	4953	5098	4157	5335	6431	5766	6631	5608	5437	5197	5790	5550	5313	4832	4400	4686	6084	5434	4212	6510	4641	6452	5456	5189	5641	6210	4896	5615	4485	6018	5472	5200	4952	4596	5908	4587	4376	5622	5973	4979	4814	6552	3785	5279	5464	5256	5431	5221	5677	4556	4650	4953	6169	5004	6677	5607	4912	6286	6420	5543	6389	5305	5141	4888	4733	5081	5356	6781	4048	5279	6494	5616	5480	4159	5529	5420	5967	5228	5099	4943	5893	5049	5526	6692	6617	4865	4477	3710	4980	4938	5601	4890	5435	4670
lh_middletemporal_volume	11538	13103	11687	11213	13204	12071	9882	9502	12101	11460	13702	11049	16659	13080	12824	12554	12569	14023	9926	12554	9915	11050	10253	12453	11343	15114	13315	13202	10689	9694	10127	11702	9160	11367	11788	10270	12592	11324	9352	9656	10616	11837	12711	13275	14589	11241	10761	12293	9486	11325	10282	11885	10891	9788	11614	12074	10566	11489	13870	11468	14006	12034	10699	13242	13559	10074	10356	13666	9143	9671	12267	9256	9340	13377	12384	10689	11133	13765	10329	8547	11015	9497	12860	10963	10665	10362	13005	10148	11319	11626	12344	13875	11131	11900	13996	10851	11991	8964	12966	10165
lh_parahippocampal_volume	2071	2457	2081	1893	2193	1840	2419	1756	2880	1622	2134	1933	2448	2225	2432	2136	2384	3143	2263	3267	2428	2473	1972	2163	2062	2807	2136	2841	2072	2614	2332	2283	2404	1952	2035	2083	2514	2177	2118	1999	2262	2112	2414	2005	2665	2048	2661	2440	1741	2515	2069	2121	2439	2041	1832	1756	2761	2432	2949	2249	2829	2214	1854	2106	1848	2252	1862	2133	1590	2134	2270	2003	2196	2620	2161	2176	2219	2100	2021	2346	1910	1924	2257	2130	2118	1783	2554	2087	2028	2445	2252	2202	1884	2191	2339	2201	2624	2215	2421	2164
lh_paracentral_volume	4633	4676	3342	3089	4561	3432	3646	2969	3111	3444	3569	2873	4132	5115	3637	3895	3549	4400	4037	3608	3355	3679	3958	3651	3088	4325	3584	3722	3125	3240	3142	4301	2706	3458	4108	3640	4348	3374	3268	2654	3846	3395	3438	3612	4679	4184	3821	4479	2723	3227	3304	3508	4009	3465	3687	3181	3633	3531	4374	3370	5149	3913	3331	4272	4357	3996	3742	3195	3150	3123	3636	3601	2883	4245	3019	3336	4112	3582	3435	2895	3065	3253	3935	3432	3903	2874	4254	3462	3330	4240	4181	3154	3423	3337	4002	3905	3415	3301	3909	3034
lh_parsopercularis_volume	4982	5739	3897	3856	5392	4153	3768	3610	5297	5787	4115	4973	4725	4695	4772	5629	4091	4510	4353	4439	5720	4668	4426	4834	4355	5840	4462	4615	4667	4555	5999	5711	4462	5116	4359	6578	4304	3714	3460	4934	5637	4922	4208	5372	7018	4637	3915	6407	3773	5205	3900	5667	4678	4639	4483	4203	4421	4915	5772	4577	5364	6243	3862	6043	6013	4500	3547	4558	3447	5113	5756	4988	4994	4639	4463	3916	5372	5373	3979	4699	3744	3665	5256	3738	4831	3340	6488	4081	7201	3159	5032	6016	4722	4706	4844	5021	5518	3929	5909	3208
lh_parsorbitalis_volume	2442	2787	2230	2425	2687	1984	2246	1737	2692	2358	2220	2267	2691	2252	2062	2429	2432	2470	2458	2774	2370	2290	2644	2958	1653	2404	2280	2786	2719	2445	2726	2325	1755	2524	2257	2657	1946	2498	2036	2174	2738	2277	2625	2921	2551	2367	1948	2386	2329	3053	2049	2341	2350	2220	2153	2363	2430	2335	3167	2448	2719	2341	2511	2894	2618	2351	2589	2564	1476	2242	2353	1902	2130	2839	2402	2271	1994	2708	2385	2373	2480	1930	2839	2235	2525	2115	2712	2300	2588	2832	2210	2607	2594	2165	2551	2433	2495	2183	2665	2095
lh_parstriangularis_volume	3238	3697	2748	3840	4752	3340	3317	2803	4719	4293	3447	2910	3816	4246	2952	4192	3113	3764	2978	3970	4611	3613	3108	4468	2481	4512	3382	4166	4169	4407	4169	4599	3431	3315	3095	4189	2789	3244	3125	3658	3605	3487	3731	5078	5138	2906	2891	4602	2953	4076	3315	4080	3396	3992	3153	3037	3571	3815	4377	3587	4077	3472	2653	4727	4420	3443	3034	3394	2003	4049	4625	3099	3930	4364	3519	4122	3680	5421	3158	3231	3764	3173	3685	3646	4050	2655	4838	3840	4037	3193	3591	4927	3431	3176	4057	2671	3610	3576	3745	3361
lh_pericalcarine_volume	2486	2686	2644	2119	3127	1664	1922	1661	2024	1235	2490	1760	2098	1588	2463	1528	1821	1907	1798	2015	1904	1899	1751	1876	1746	1942	2012	2481	2893	2896	2172	2657	1652	1777	1873	2660	2455	1584	1359	1782	1917	1901	3510	2369	2495	2065	2373	2554	1660	1296	1497	1643	1843	2094	1308	1670	1537	1886	2493	1729	3184	2071	2453	2160	1974	1765	1768	1713	1935	1581	2054	1634	1260	3276	2148	2168	1451	3455	1774	1899	2012	1223	2012	2479	1863	2137	1246	1282	2355	2931	1887	2523	1561	2439	1927	2210	2279	1867	2164	2128
lh_postcentral_volume	12129	12203	9369	8432	13704	8399	8044	7845	11753	9705	9528	8289	14094	9299	10133	9304	8844	11373	11186	9953	10243	9515	9322	10247	7557	10740	9911	14245	9456	8450	10476	11487	9297	9031	9667	10793	10942	8905	9194	7748	9852	9211	10388	9841	12734	10483	10831	9750	8308	10344	8490	11410	11906	9013	9310	9164	10388	9068	11158	9962	12534	9868	9976	10086	11876	9610	10404	11707	7939	8498	10983	8724	8297	10791	8288	9390	11550	10709	8863	10070	9240	9093	10790	9702	11273	9563	8673	8846	8972	10735	13208	10468	9833	9042	10060	8667	8754	8521	11704	7582
lh_posteriorcingulate_volume	4078	2805	3030	2769	3988	3030	2452	2246	4212	3338	3062	3162	3255	3556	3476	3270	3523	4346	3204	2930	2899	2967	2549	3337	2297	3493	2942	4723	3093	3013	2881	3145	2253	2809	2554	2936	3541	2795	2770	2298	2878	2844	4247	3411	4205	3472	3538	3974	2605	3309	2771	3712	3143	2976	3084	2313	2876	3028	4811	3400	4270	3283	2813	3074	3061	3283	2617	2784	2229	2505	2651	2986	2419	3671	2929	2900	3038	3364	3340	2472	2520	2701	3352	2845	3069	2318	3284	2566	2929	3396	4127	3108	2634	2922	3195	3049	2993	2618	3570	2348
lh_precentral_volume	15448	17772	13356	11784	17289	12355	11147	12638	14906	13070	13954	13177	17935	14362	13455	14015	12699	15360	14677	10978	12954	13551	13302	14862	10708	15476	13463	14853	14474	12345	12784	15909	12036	12706	14042	12871	13495	13942	13750	10253	13732	13382	14800	13433	17046	15281	13483	14539	10332	14557	10975	13399	14942	12193	12428	12094	13905	13913	15549	12503	15194	13806	13771	15246	14767	13111	14461	15033	12466	11543	13929	12691	9760	15783	11351	12741	14722	14558	12471	11979	12367	12376	13755	11924	13647	12315	13898	12419	13862	14659	17288	14305	11449	14952	13581	13473	16211	10967	14789	10501
lh_precuneus_volume	10273	10787	8345	8813	12684	9706	7205	8950	10776	9512	9170	8774	11442	8707	9769	8637	10659	13038	8315	11188	8228	8824	9688	11723	7277	11345	9201	13277	10002	9910	10147	10259	7752	8885	10398	9254	10760	8591	8296	6876	10158	9489	8926	10099	11535	9843	10468	9986	9063	9134	8806	8834	10098	8569	10650	8325	10009	10595	10044	9563	12126	8803	8679	10296	11228	10853	8822	10223	8616	8324	10819	8018	7293	13201	9300	9655	11109	10880	7547	8007	8176	9016	10467	8068	9986	8010	10909	10376	10107	11839	11253	10474	8476	8277	8932	9358	7578	8018	10066	7742
lh_rostralanteriorcingulate_volume	3093	2674	2399	2213	3631	2247	1546	1837	3844	2802	2819	2881	3276	2013	2783	3451	3622	3944	1991	3146	2896	3026	2099	2510	2666	3110	2454	3112	2824	2658	3356	2987	2412	2513	2200	3395	2769	2873	2701	1609	2242	1908	3446	2786	3783	2461	2460	4030	2591	2410	1881	2319	2456	2461	2606	2068	2779	3536	3655	2813	3432	3217	2314	3208	2672	2742	2203	3637	2201	2433	3301	3093	1805	3552	2051	2804	2049	3057	3666	2866	2010	2193	3215	2020	3078	2453	2812	2949	2500	3190	3911	3362	2486	2142	3001	2820	3288	1966	2728	1859
lh_rostralmiddlefrontal_volume	15777	17287	14945	14987	18850	13718	13530	13578	17485	15462	16652	14552	19598	19331	14870	17680	16245	16088	14825	16034	15768	16588	15019	15593	11474	16822	17358	17174	13695	12878	13445	17703	11889	13156	12988	17181	14522	15630	14144	12971	14499	14246	17141	19251	19483	13647	16209	18182	13715	15753	13021	15639	13815	16299	13196	14787	15905	14729	17093	14973	19361	16549	16419	15726	21232	14855	13931	16041	10694	15520	16026	11037	13773	17693	15001	16219	14378	18565	14688	12304	17393	12978	18840	12791	14287	14709	16339	13567	15336	19802	17954	19811	15138	13604	15534	13465	18742	13854	18019	13654
lh_superiorfrontal_volume	24290	28977	24619	22525	32638	22814	20269	20107	27683	21694	23635	20445	27550	25723	22472	27938	22194	28082	25510	24299	24511	25424	23206	24088	18932	27633	23755	25374	22356	18477	24469	30178	17783	21453	22043	23654	26107	20983	23284	20446	23262	22371	24897	26576	29383	24346	24405	27486	22305	23308	20837	26619	23503	24107	18778	21746	22067	22971	26685	23699	26725	23629	22595	27039	32171	23138	23631	25874	18951	21139	25185	19117	19425	27544	21775	22801	23861	26279	20695	19279	22404	21268	23510	20038	25386	21423	22821	21223	23275	27249	26684	32596	22195	22608	23666	23825	27274	22396	25760	19128
lh_superiorparietal_volume	13859	14149	12329	13588	15914	10497	12343	12635	15333	12655	13454	11934	14484	15042	13979	11604	16609	15443	10874	14031	10105	10806	12410	14031	11625	14229	13232	16745	11735	13749	13633	11972	10508	12427	14098	14284	14893	11389	10888	9362	13479	13000	12236	15020	15041	14670	14809	13792	11873	14255	12750	13181	14370	12802	15374	10383	13359	14249	13620	11723	16711	13123	11571	15536	13485	16555	14674	12167	8798	12818	12592	11772	10003	17446	11658	11792	14609	16615	12068	9676	11212	10768	15362	12120	14028	10222	16790	16257	13964	16682	15697	11004	11276	13957	14058	12292	10979	12140	12439	10986
lh_superiortemporal_volume	12581	16121	13033	11532	14016	13069	10851	10363	13776	13286	13659	14041	16286	14845	12115	15468	12730	14253	12127	13936	12101	13007	12242	14131	11848	14410	12747	17716	12915	10361	13489	11745	10284	12928	10625	13913	13535	11546	14104	10716	11269	11113	11576	15685	16504	11603	12970	15682	12054	12297	10813	12886	12294	12465	11946	13114	12602	12298	14301	11383	15319	12897	11426	13208	15161	11146	13197	17218	10729	11065	13965	10004	10124	14533	12013	14047	12754	12660	13142	10803	13956	10902	14667	11458	12301	12187	12848	11561	12975	15014	13369	13736	13971	10208	14006	10841	12941	11835	14242	8748
lh_supramarginal_volume	11537	15763	9784	10162	9698	11837	9762	12529	15051	13587	11146	10887	14417	13317	13201	12831	13948	15207	8930	12253	13804	11070	11105	12579	10400	13712	11066	17237	9427	8877	11014	10806	9115	12574	13732	14055	11302	10191	10206	8015	11209	12691	11007	10994	14886	11752	10698	13818	9697	12648	10087	9437	12850	12183	11367	10771	10802	11879	12123	11787	16089	13908	13942	14489	13038	11000	11049	10209	7693	9247	13245	10031	9993	12198	10806	11590	11155	13576	9912	10344	13260	10162	12069	9553	12241	9613	13321	12533	11287	10808	14368	9458	11895	11551	13104	13179	10603	11194	10615	8488
lh_frontalpole_volume	797	789	1078	908	960	1046	1038	698	1247	1085	994	931	1051	796	1054	964	844	1086	997	1070	862	638	1341	670	607	1008	902	1199	927	820	1184	1041	1048	923	782	1090	1062	958	724	1020	1034	1225	1039	1106	793	1138	1068	1173	795	1013	875	1168	830	1255	896	760	936	707	868	717	1241	994	909	1025	756	1067	1191	1322	920	1144	956	504	848	1256	1032	1253	1302	1373	907	1137	1132	927	1015	566	892	1133	1187	811	997	1035	1109	1206	671	1046	1106	921	1204	950	1300	943
lh_temporalpole_volume	3346	2807	2719	2003	3093	2964	2238	2379	2547	1812	2335	2249	3142	2133	2835	2930	2783	3056	2638	3309	1946	2784	2445	2113	2341	3045	2792	2968	3092	2700	2752	2781	1922	2847	2349	3060	2536	2774	2328	1940	2591	2340	2791	2704	3607	2358	2603	3290	1753	2624	2437	2718	2606	2224	2503	2002	2431	3037	3404	2029	3151	2298	2850	2650	2449	2669	3092	2512	2629	2438	1619	1969	2620	2935	2434	2702	2439	3020	2432	2818	1902	2342	2968	1500	2451	2224	2535	2472	3802	3293	3561	2337	1695	1722	3215	2212	3156	2341	2960	2643
lh_transversetemporal_volume	1168	1228	1114	977	1465	1263	938	1095	1257	1192	1151	997	1303	1262	966	1383	1433	1258	1167	1301	1569	1105	1485	1447	931	1341	1308	1632	1181	969	1124	1382	917	1288	1037	1090	1357	1007	1243	1120	1218	924	926	1177	1694	944	1317	1679	1272	1280	1017	1268	1171	1274	1017	1384	1172	1363	1192	997	1613	1517	949	1393	1513	1151	1209	1209	851	993	1211	998	921	1376	1121	972	1555	1187	1167	1257	1394	984	1059	1036	1193	1172	1401	1050	1125	1088	1799	1144	1333	1231	977	1116	1101	1177	1258	899
lh_insula_volume	6749	7722	5582	7028	9518	7194	5918	5722	8738	7350	7708	6504	7209	7049	6601	7908	6477	9041	6156	6315	8549	7283	6435	7770	7732	6786	7662	8525	7544	5647	7663	7348	6067	7270	6930	7322	7344	6435	7068	6905	6726	7018	7480	7223	9193	6244	7059	8173	6779	7288	6192	7702	6895	6931	5951	7011	7199	7663	8270	7139	8244	7099	6872	8370	8171	6644	6392	8189	5859	6605	6967	5862	5637	7621	6809	7158	7000	7411	6369	6536	7672	6397	7468	6257	7603	6709	7369	6672	7798	7445	7472	7916	7127	7009	7927	6406	8842	5903	7985	6687
BrainSegVolNotVent	1.18E+06	1.38E+06	1.05E+06	1.10E+06	1.37E+06	1.01E+06	980953	1.07E+06	1.21E+06	1.14E+06	1.12E+06	1.11E+06	1.32E+06	1.32E+06	1.10E+06	1.21E+06	1.19E+06	1.29E+06	1.14E+06	1.15E+06	1.16E+06	1.21E+06	1.06E+06	1.19E+06	978409	1.20E+06	1.15E+06	1.38E+06	1.19E+06	1.06E+06	1.19E+06	1.25E+06	1.01E+06	1.04E+06	1.13E+06	1.19E+06	1.13E+06	1.08E+06	1.02E+06	997574	1.15E+06	1.03E+06	1.15E+06	1.31E+06	1.32E+06	1.12E+06	1.12E+06	1.32E+06	1.13E+06	1.13E+06	990163	1.12E+06	1.26E+06	1.07E+06	1.03E+06	1.09E+06	1.14E+06	1.18E+06	1.33E+06	1.21E+06	1.33E+06	1.14E+06	1.12E+06	1.29E+06	1.32E+06	1.08E+06	1.05E+06	1.28E+06	941842	1.07E+06	1.14E+06	1.09E+06	952029	1.34E+06	1.09E+06	1.22E+06	1.16E+06	1.23E+06	965649	930427	1.09E+06	1.01E+06	1.24E+06	1.05E+06	1.14E+06	1.11E+06	1.20E+06	1.04E+06	1.08E+06	1.42E+06	1.34E+06	1.17E+06	1.07E+06	1.09E+06	1.15E+06	1.06E+06	1.19E+06	968278	1.19E+06	923191
eTIV	1.53E+06	1.89E+06	1.36E+06	1.55E+06	1.71E+06	1.39E+06	1.20E+06	1.24E+06	1.42E+06	1.60E+06	1.42E+06	1.39E+06	1.66E+06	1.69E+06	1.37E+06	1.58E+06	1.54E+06	1.65E+06	1.40E+06	1.50E+06	1.30E+06	1.58E+06	1.42E+06	1.49E+06	1.42E+06	1.46E+06	1.47E+06	1.80E+06	1.53E+06	1.30E+06	1.54E+06	1.64E+06	1.49E+06	1.43E+06	1.56E+06	1.66E+06	1.42E+06	1.37E+06	1.40E+06	1.44E+06	1.41E+06	1.34E+06	1.40E+06	1.80E+06	1.55E+06	1.45E+06	1.47E+06	1.75E+06	1.52E+06	1.45E+06	1.30E+06	1.46E+06	1.66E+06	1.53E+06	1.34E+06	1.32E+06	1.46E+06	1.52E+06	1.82E+06	1.22E+06	1.72E+06	1.43E+06	1.48E+06	1.71E+06	1.82E+06	1.40E+06	1.30E+06	1.64E+06	1.18E+06	1.29E+06	1.53E+06	1.14E+06	1.26E+06	1.71E+06	1.54E+06	1.69E+06	1.40E+06	1.52E+06	1.30E+06	1.25E+06	1.53E+06	1.31E+06	1.58E+06	1.30E+06	1.43E+06	1.53E+06	1.50E+06	1.40E+06	1.47E+06	1.90E+06	1.66E+06	1.44E+06	1.05E+06	1.55E+06	1.47E+06	1.46E+06	1.44E+06	1.27E+06	1.51E+06	1.05E+06